1 0.1833333328125 0.47874999999999995 0.20099999999999998 0.48200000000000004 0.2646666671875 0.48624999999999996 0.2676666671875 0.48425 0.272 0.45875000000000005 0.2713333328125 0.4575 0.2676666671875 0.45625 0.2593333328125 0.45499999999999996 0.1813333328125 0.44575 0.1776666671875 0.44699999999999995 0.172 0.46675000000000005 0.16999999999999998 0.47424999999999995 0.16999999999999998 0.47850000000000004 0.172 0.479 0.1833333328125 0.47874999999999995
1 0.43499999999999994 0.49574999999999997 0.43899999999999995 0.49474999999999997 0.4403333328125 0.49074999999999996 0.4413333328125 0.47300000000000003 0.442 0.41974999999999996 0.43933333281250003 0.418 0.41500000000000004 0.41574999999999995 0.3806666671875 0.41425 0.37666666718749997 0.41675000000000006 0.373 0.43499999999999994 0.372 0.4915 0.373 0.49225 0.387 0.49225 0.43499999999999994 0.49574999999999997
1 0.521 0.49924999999999997 0.5653333328125 0.503 0.5753333328125 0.503 0.5776666671874999 0.50175 0.5740000000000001 0.48724999999999996 0.5730000000000001 0.48600000000000004 0.5686666671875 0.485 0.5536666671875 0.48375 0.5466666671875 0.48425 0.5373333328125 0.48250000000000004 0.501 0.48 0.47933333281249996 0.47750000000000004 0.4703333328125 0.47824999999999995 0.46699999999999997 0.48274999999999996 0.4653333328125 0.49024999999999996 0.46266666718750005 0.49400000000000005 0.46666666718750005 0.497 0.521 0.49924999999999997
1 0.581 0.5035000000000001 0.5973333328125 0.50525 0.627 0.5065000000000001 0.6383333328125 0.509 0.653 0.5105000000000001 0.6543333328125 0.5105000000000001 0.6563333328125001 0.508 0.6736666671875 0.51 0.6776666671875 0.50975 0.6786666671875 0.50875 0.6786666671875 0.49225 0.6796666671875 0.49000000000000005 0.6769999999999999 0.48724999999999996 0.6759999999999999 0.48125 0.6733333328125 0.47874999999999995 0.6476666671875 0.476 0.6273333328125 0.47625 0.597 0.472 0.5913333328125 0.472 0.5863333328125 0.47450000000000003 0.5816666671874999 0.481 0.575 0.48624999999999996 0.5773333328125 0.50125 0.581 0.5035000000000001
1 0.6796666671875 0.5055 0.6816666671875 0.508 0.6963333328125 0.51025 0.7586666671875 0.5117499999999999 0.7656666671875 0.513 0.8026666671875 0.51525 0.8493333328125001 0.517 0.8640000000000001 0.5165 0.8666666671875 0.51425 0.86 0.49024999999999996 0.8616666671875001 0.48425 0.8640000000000001 0.48250000000000004 0.8636666671875 0.47850000000000004 0.8593333328125 0.47050000000000003 0.8563333328124999 0.46875 0.696 0.46224999999999994 0.6933333328125 0.46275000000000005 0.688 0.47050000000000003 0.6863333328125 0.48224999999999996 0.6833333328125 0.48775 0.6793333328125 0.49024999999999996 0.6796666671875 0.5055
1 0.7656666671875 0.81075 0.768 0.81375 0.77 0.826 0.773 0.83125 0.773 0.83375 0.7753333328124999 0.836 0.7903333328125 0.83775 0.8019999999999999 0.83625 0.8096666671875001 0.83725 0.8346666671875 0.837 0.9083333328125001 0.8352499999999999 0.9410000000000001 0.8332499999999999 0.9476666671875 0.83375 0.9496666671874999 0.8322499999999999 0.9506666671874999 0.83025 0.95 0.826 0.9396666671875 0.79825 0.9336666671874999 0.77525 0.9119999999999999 0.7115 0.9083333328125001 0.70375 0.9039999999999999 0.701 0.8993333328125 0.7 0.8933333328125 0.697 0.8843333328125 0.6952499999999999 0.8763333328125 0.69675 0.865 0.70175 0.8593333328125 0.7030000000000001 0.8539999999999999 0.70225 0.8460000000000001 0.7032499999999999 0.783 0.70225 0.771 0.705 0.748 0.7155 0.7473333328125 0.71825 0.7553333328125 0.7434000000000001 0.7553333328125 0.75225 0.7656666671875 0.81075
1 0.7086666671875 0.83925 0.712 0.83775 0.7103333328125 0.81925 0.7046666671875 0.7865 0.7026666671874999 0.78275 0.665 0.7825 0.6626666671875 0.78175 0.6126666671875001 0.7825 0.6 0.7837500000000001 0.5973333328125 0.78675 0.601 0.8380000000000001 0.6033333328125 0.8414999999999999 0.6673333328125 0.84175 0.7086666671875 0.83925
1 0.44166666718750003 0.84175 0.4436666671875 0.8387499999999999 0.4446666671875 0.818 0.4446666671875 0.76825 0.44333333281250004 0.76375 0.4273333328125 0.76225 0.3886666671875 0.76125 0.385 0.76375 0.384 0.77 0.383 0.82975 0.38133333281250004 0.8414999999999999 0.3846666671875 0.8432499999999999 0.44166666718750003 0.84175
1 0.1673333328125 0.8484999999999999 0.1953333328125 0.8470000000000001 0.2843333328125 0.8455 0.2866666671875 0.84475 0.288 0.84275 0.2893333328125 0.8182499999999999 0.2873333328125 0.81325 0.284 0.8125 0.2536666671875 0.8125 0.1223333328125 0.8087500000000001 0.0986666671875 0.8130000000000001 0.0946666671875 0.8255000000000001 0.0933333328125 0.8402499999999999 0.093 0.84575 0.0953333328125 0.8474999999999999 0.119 0.8484999999999999 0.1673333328125 0.8484999999999999
1 0.17366666718749998 0.62775 0.183 0.6247499999999999 0.1853333328125 0.6195 0.191 0.59225 0.1893333328125 0.57125 0.188 0.5667500000000001 0.186 0.56475 0.174 0.5635 0.1356666671875 0.5622499999999999 0.1306666671875 0.56425 0.1193333328125 0.609 0.1153333328125 0.62 0.11499999999999999 0.623 0.1186666671875 0.625 0.1346666671875 0.6265 0.17366666718749998 0.62775
1 0.504 0.62775 0.506 0.63 0.505 0.63475 0.5073333328125 0.63625 0.5163333328124999 0.6385 0.6083333328125 0.64025 0.6113333328125 0.641 0.6353333328125 0.64125 0.6393333328125 0.6407499999999999 0.6416666671875 0.639 0.64 0.619 0.6356666671875 0.5955 0.6343333328125 0.59425 0.6006666671875001 0.59175 0.5466666671875 0.5912499999999999 0.5183333328125 0.5894999999999999 0.507 0.58975 0.5046666671875 0.59175 0.5053333328125 0.6054167500000001 0.504 0.61125 0.505 0.6134999999999999 0.504 0.62775
1 0.6826666671875 0.64325 0.7213333328125 0.6435 0.724 0.64425 0.7283333328125 0.64425 0.7316666671875 0.6425 0.7263333328125 0.615 0.724 0.6094999999999999 0.721 0.608 0.654 0.60825 0.6486666671875 0.6115 0.6406666671875 0.62175 0.641 0.63525 0.6426666671875 0.63975 0.6456666671875 0.6415 0.6826666671875 0.64325
1 0.442 0.6345 0.44266666718750003 0.632 0.44299999999999995 0.61575 0.43933333281250003 0.6144999999999999 0.3923333328125 0.61375 0.3883333328125 0.61925 0.384 0.629 0.3846666671875 0.6345 0.3923333328125 0.63575 0.43933333281250003 0.63625 0.442 0.6345
1 0.493 0.637 0.49400000000000005 0.63425 0.4926666671875 0.5985 0.4916666671875 0.5965 0.49000000000000005 0.59525 0.47133333281249995 0.59475 0.46733333281249995 0.596 0.46566666718749994 0.6005 0.46666666718750005 0.6355000000000001 0.471 0.6367499999999999 0.48966666718749996 0.63775 0.493 0.637
0 0.329 0.49000000000000005 0.3326666671875 0.48875 0.3353333328125 0.48274999999999996 0.3333333328125 0.4505 0.331 0.4425 0.331 0.43550000000000005 0.3263333328125 0.43274999999999997 0.318 0.43099999999999994 0.31033333281250003 0.4335 0.3026666671875 0.454 0.2996666671875 0.46624999999999994 0.2996666671875 0.4725 0.29500000000000004 0.47824999999999995 0.29500000000000004 0.48575 0.2983333328125 0.48775 0.30733333281249997 0.48775 0.329 0.49000000000000005
0 0.264 0.6295 0.2663333328125 0.63075 0.302 0.6315000000000001 0.3043333328125 0.63075 0.3063333328125 0.6285000000000001 0.3083333328125 0.6235 0.3096666671875 0.6134999999999999 0.3086666671875 0.5974999999999999 0.3063333328125 0.5912499999999999 0.3066666671875 0.56325 0.30133333281249997 0.55375 0.3003333328125 0.54475 0.29500000000000004 0.54075 0.288 0.53975 0.2796666671875 0.54075 0.2743333328125 0.54525 0.2706666671875 0.5545 0.2633333328125 0.56425 0.2606666671875 0.58025 0.2556666671875 0.59275 0.2506666671875 0.61375 0.25033333281250003 0.62325 0.25166666718749997 0.62725 0.2593333328125 0.63 0.264 0.6295
0 0.3406666671875 0.8425 0.3456666671875 0.8432499999999999 0.3546666671875 0.8414999999999999 0.356 0.837 0.3583333328125 0.79925 0.3583333328125 0.76725 0.357 0.7635 0.3523333328125 0.75975 0.3406666671875 0.757 0.3393333328125 0.754 0.339 0.74375 0.3353333328125 0.74025 0.33366666718750004 0.73675 0.33399999999999996 0.7335 0.3366666671875 0.7302500000000001 0.344 0.72825 0.3443333328125 0.7245 0.3386666671875 0.72375 0.32766666718750004 0.72425 0.3186666671875 0.72825 0.31466666718749997 0.757 0.3026666671875 0.761 0.2986666671875 0.76375 0.296 0.7675 0.29 0.8135 0.28900000000000003 0.84175 0.29100000000000004 0.8435 0.32999999999999996 0.8435 0.3406666671875 0.8425
0 0.4563333328125 0.8414999999999999 0.46966666718749994 0.8425 0.4886666671875 0.8422499999999999 0.51 0.8414999999999999 0.5113333328125 0.8404999999999999 0.5143333328125 0.83475 0.5163333328124999 0.8255000000000001 0.5163333328124999 0.80375 0.5023333328125 0.7617499999999999 0.4933333328125 0.721 0.4903333328125 0.718 0.4743333328125 0.71825 0.46966666718749994 0.7205 0.4686666671875 0.73 0.46666666718750005 0.73575 0.466 0.75575 0.4613333328125 0.7635 0.4533333328125 0.79825 0.45099999999999996 0.8102499999999999 0.45099999999999996 0.8262499999999999 0.4526666671875 0.8342499999999999 0.4563333328125 0.8414999999999999
0 0.5193333328125 0.7535000000000001 0.5236666671875 0.79525 0.5276666671875 0.8115 0.529 0.8385 0.5323333328125 0.8412499999999999 0.5603333328125 0.8407500000000001 0.5623333328125 0.8380000000000001 0.5643333328125 0.73575 0.5606666671875 0.734 0.533 0.7344999999999999 0.5276666671875 0.73625 0.524 0.74 0.525 0.7434999999999999 0.5226666671875 0.7485 0.5196666671875 0.75075 0.5193333328125 0.7535000000000001
0 0.7113333328125 0.81875 0.714 0.8220000000000001 0.717 0.8375 0.72 0.8390000000000001 0.7243333328125 0.8394999999999999 0.7643333328125 0.8385 0.7683333328125 0.8352499999999999 0.7686666671875 0.82925 0.7646666671875 0.8135 0.7636666671875 0.80175 0.761 0.79475 0.7573333328125 0.771 0.7543333328124999 0.76075 0.752 0.7355 0.7486666671875 0.72425 0.744 0.72025 0.7376666671875001 0.71975 0.7346666671875 0.717 0.7323333328125 0.7125 0.7146666671874999 0.7122499999999999 0.708 0.71275 0.7046666671875 0.72025 0.6973333328125 0.7235 0.6953333328125 0.7264999999999999 0.697 0.74825 0.702 0.7685 0.7086666671875 0.8102499999999999 0.7113333328125 0.81875
0 0.7483333328125 0.643 0.7553333328125 0.6447499999999999 0.7833333328125 0.645 0.7856666671875 0.64275 0.79 0.622 0.787 0.6115 0.784 0.6085 0.7793333328125 0.591 0.7663333328124999 0.55975 0.765 0.553 0.7633333328125 0.55125 0.748 0.5509999999999999 0.736 0.5525 0.7296666671875001 0.5555 0.7313333328125 0.5825 0.7343333328125 0.601 0.7356666671875 0.62675 0.7483333328125 0.643
0 0.8293333328125 0.64725 0.834 0.64675 0.8380000000000001 0.6425 0.835 0.636 0.8266666671875 0.6075 0.8183333328125 0.5945 0.8143333328125 0.5905 0.8113333328125 0.59175 0.8063333328125 0.592 0.8033333328125 0.59525 0.8026666671875 0.61225 0.8113333328125 0.6435 0.8143333328125 0.6457499999999999 0.8293333328125 0.64725
0 0.0953333328125 0.8467499999999999 0.0976666671875 0.8455 0.0933333328125 0.84175 0.0933333328125 0.83725 0.0956666671875 0.8227499999999999 0.0983333328125 0.8154999999999999 0.10366666718749999 0.8125 0.11499999999999999 0.81125 0.1223333328125 0.8065 0.1266666671875 0.7865 0.1266666671875 0.7787499999999999 0.13999999999999999 0.72575 0.1393333328125 0.7205 0.128 0.7165 0.126 0.709 0.1223333328125 0.7075 0.11233333281249999 0.70625 0.0953333328125 0.7075 0.091 0.7135 0.0876666671875 0.71425 0.0843333328125 0.717 0.08 0.718 0.076 0.7205 0.062 0.77925 0.060333332812499994 0.79525 0.054000000000000006 0.826 0.0516666671875 0.8460000000000001 0.05600000000000001 0.8494999999999999 0.0806666671875 0.84925 0.0953333328125 0.8467499999999999