1 0.4266666671875 0.45225 0.42800000000000005 0.4505 0.4296666671875 0.43574999999999997 0.4303333328125 0.37875000000000003 0.42933333281249997 0.37575 0.42433333281249996 0.374 0.3653333328125 0.37124999999999997 0.3633333328125 0.37324999999999997 0.36066666718749996 0.38525 0.359 0.41550000000000004 0.3583333328125 0.44625000000000004 0.361 0.4505 0.42366666718749996 0.4535 0.4266666671875 0.45225
1 0.6813333328125 0.46900000000000003 0.836 0.47450000000000003 0.853 0.47350000000000003 0.8566666671875 0.47074999999999995 0.8539999999999999 0.4545 0.8516666671875001 0.44825 0.852 0.44525 0.8556666671875 0.43899999999999995 0.8523333328125 0.43125 0.8493333328125001 0.42750000000000005 0.764 0.42275 0.7516666671875 0.42300000000000004 0.687 0.42000000000000004 0.6853333328125 0.42024999999999996 0.6803333328125001 0.425 0.6753333328125 0.44225000000000003 0.669 0.44825 0.669 0.4605 0.6703333328125 0.46575 0.6733333328125 0.46775 0.6813333328125 0.46900000000000003
1 0.209 0.43975 0.244 0.44349999999999995 0.252 0.44299999999999995 0.2556666671875 0.43600000000000005 0.2576666671875 0.41550000000000004 0.2553333328125 0.4135 0.24666666718750002 0.41200000000000003 0.1766666671875 0.40325 0.1633333328125 0.4025 0.161 0.40475000000000005 0.1543333328125 0.43125 0.154 0.43525 0.1576666671875 0.4365 0.1893333328125 0.43925000000000003 0.209 0.43975
1 0.11100000000000002 0.583 0.1192 0.5825 0.127 0.584 0.1486666671875 0.58475 0.1666666671875 0.58375 0.1716666671875 0.581 0.17366666718749998 0.5785 0.1756666671875 0.5595 0.1776666671875 0.55275 0.1776666671875 0.5347500000000001 0.17466666718749999 0.524 0.173 0.52275 0.1553333328125 0.52125 0.12166666718750001 0.5205 0.1186666671875 0.521 0.1166666671875 0.52525 0.1066666671875 0.5705 0.10400000000000001 0.576 0.10433333281249998 0.57975 0.11100000000000002 0.583
1 0.529 0.46075 0.5509999999999999 0.462 0.5643333328125 0.462 0.5663333328125 0.45949999999999996 0.564 0.44699999999999995 0.5603333328125 0.44349999999999995 0.5146666671875 0.43925000000000003 0.4823333328125 0.43775000000000003 0.46399999999999997 0.43525 0.4596666671875 0.43550000000000005 0.457 0.4375 0.4516666671875 0.45075000000000004 0.45133333281250004 0.45475000000000004 0.454 0.45525000000000004 0.49833333281250003 0.45725 0.529 0.46075
1 0.662 0.46849999999999997 0.6663333328125 0.46825 0.6683333328125001 0.4665 0.666 0.43975 0.662 0.4375 0.6396666671875 0.43525 0.6143333328125 0.43475 0.5836666671875 0.43 0.576 0.43274999999999997 0.5656666671874999 0.44525 0.5650000000000001 0.44800000000000006 0.568 0.45925000000000005 0.572 0.462 0.662 0.46849999999999997
1 0.4313333328125 0.5915 0.43233333281249997 0.576 0.4296666671875 0.5730000000000001 0.425 0.572 0.3926666671875 0.571 0.38166666718750003 0.5715 0.38 0.572 0.37666666718749997 0.57675 0.373 0.58575 0.37266666718749997 0.59175 0.3763333328125 0.59325 0.42800000000000005 0.59425 0.4313333328125 0.5915
1 0.4806666671875 0.59475 0.4823333328125 0.5925 0.4823333328125 0.587 0.481 0.55625 0.48 0.55425 0.4783333328125 0.553 0.45866666718750004 0.5525 0.4543333328125 0.5555 0.453 0.5615 0.454 0.59325 0.4566666671875 0.5945 0.472 0.5955 0.4806666671875 0.59475
1 0.5043333328124999 0.59575 0.533 0.5974999999999999 0.5633333328125001 0.59875 0.5788333328124999 0.59825 0.595 0.59975 0.6236666671875 0.599 0.627 0.59975 0.6286666671875001 0.5985 0.6293333328124999 0.59525 0.6276666671875 0.592 0.627 0.5765 0.623 0.55275 0.6066666671875 0.5525 0.5876666671875 0.5507500000000001 0.579 0.55125 0.5690000000000001 0.54975 0.537 0.55025 0.5306666671875 0.54875 0.49866666718749997 0.54775 0.4943333328125 0.54825 0.4926666671875 0.55225 0.49400000000000005 0.5655 0.4916666671875 0.592 0.49400000000000005 0.59425 0.5043333328124999 0.59575
1 0.6976666671875 0.601 0.7093333328125 0.6014999999999999 0.7126666671875 0.6025 0.7166666671875 0.602 0.7186666671874999 0.59975 0.713 0.5705 0.712 0.5685 0.7093333328125 0.567 0.641 0.5675 0.6383333328125 0.56825 0.6296666671875 0.5795 0.6303333328125 0.5955 0.633 0.5995 0.6706666671875 0.601 0.6976666671875 0.601
1 0.7403333328125 0.71275 0.7456666671875001 0.7464999999999999 0.752 0.7785 0.7553333328125 0.7875 0.7596666671875 0.7889999999999999 0.8266666671875 0.7885 0.8348890000000001 0.78725 0.9236666671875 0.78575 0.9283333328125 0.78425 0.9293333328125 0.78325 0.9286666671875 0.7785 0.9233333328125 0.76525 0.9183333328125001 0.7434999999999999 0.9099999999999999 0.71825 0.8953333328124999 0.6655 0.892 0.6599999999999999 0.8800000000000001 0.65575 0.8776666671875001 0.654 0.8686666671875001 0.6519999999999999 0.8583333328125 0.65425 0.8553333328124999 0.65675 0.843 0.6595 0.766 0.6597500000000001 0.7553333328125 0.66175 0.751 0.6645 0.738 0.66975 0.7323333328125 0.674 0.7356666671875 0.67825 0.7383333328125 0.68925 0.7403333328125 0.71275
1 0.4286666671875 0.79375 0.43233333281249997 0.7927500000000001 0.434 0.79125 0.43499999999999994 0.776 0.434 0.72175 0.433 0.7190000000000001 0.4313333328125 0.71775 0.42766666718749996 0.71725 0.377 0.71575 0.375 0.71725 0.374 0.72075 0.373 0.736 0.3716666671875 0.78825 0.37266666718749997 0.7945 0.40833333281249995 0.79475 0.4286666671875 0.79375
1 0.688 0.7915 0.6953333328125 0.7905 0.6963333328125 0.7845 0.6950000000000001 0.771 0.693 0.7657499999999999 0.6893333328125 0.74 0.6866666671874999 0.7365 0.6446666671875 0.73575 0.5933333328125 0.73675 0.5876666671875 0.737 0.5836666671875 0.73975 0.5883333328125 0.79125 0.595 0.7929999999999999 0.6383333328125 0.79325 0.688 0.7915
1 0.0956666671875 0.79975 0.196 0.79875 0.209 0.79825 0.215 0.7969999999999999 0.2293333328125 0.798 0.2773333328125 0.796 0.2806666671875 0.7945 0.2816666671875 0.769 0.2806666671875 0.766 0.2756666671875 0.7645 0.20433333281250002 0.7645 0.1816666671875 0.76275 0.119 0.76125 0.10833333281249999 0.76325 0.10333333281249998 0.7655000000000001 0.0956666671875 0.76625 0.0943333328125 0.77175 0.0916666671875 0.7747499999999999 0.0886666671875 0.7835 0.088 0.7927500000000001 0.089 0.7967500000000001 0.09066666718750001 0.7985 0.0956666671875 0.79975
0 0.3466666671875 0.7929999999999999 0.3476666671875 0.7915 0.3493333328125 0.7605000000000001 0.3493333328125 0.72275 0.3446666671875 0.7155 0.3326666671875 0.71075 0.32799999999999996 0.6895 0.32999999999999996 0.6872499999999999 0.3393333328125 0.6832499999999999 0.3403333328125 0.6815 0.339 0.68075 0.325 0.6795 0.3156666671875 0.6799999999999999 0.31033333281250003 0.6815 0.3096666671875 0.6855 0.31266666718749997 0.68875 0.31266666718749997 0.6935 0.309 0.69775 0.3056666671875 0.705 0.30533333281249997 0.709 0.29933333281249996 0.71275 0.2946666671875 0.7135 0.2866666671875 0.7205 0.282 0.7625 0.2813333328125 0.79075 0.28300000000000003 0.79475 0.3423333328125 0.79425 0.3466666671875 0.7929999999999999
0 0.05600000000000001 0.8 0.07666666718750001 0.79975 0.0843333328125 0.79875 0.0873333328125 0.7965 0.092 0.79525 0.0956666671875 0.7955 0.0966666671875 0.794 0.0953333328125 0.792 0.0996666671875 0.7835 0.0956666671875 0.7796875 0.0956666671875 0.77575 0.0976666671875 0.7737499999999999 0.098 0.77125 0.10366666718749999 0.766 0.11100000000000002 0.764 0.1163333328125 0.75875 0.1206666671875 0.7365 0.1206666671875 0.728 0.1243333328125 0.717 0.131 0.68425 0.131 0.67725 0.1196666671875 0.6715 0.1176666671875 0.666 0.1163333328125 0.66525 0.10266666718749999 0.66325 0.0883333328125 0.6639999999999999 0.08399999999999999 0.66625 0.0813333328125 0.67025 0.06833333281250001 0.6755 0.066 0.68125 0.0606666671875 0.71375 0.055333332812500004 0.73575 0.0543333328125 0.75325 0.047 0.79325 0.0476666671875 0.79875 0.05600000000000001 0.8
0 0.2856666671875 0.58925 0.2906666671875 0.58875 0.2946666671875 0.58675 0.298 0.5765 0.2983333328125 0.5685 0.294 0.54775 0.29533333281249996 0.525 0.2946666671875 0.5215 0.28900000000000003 0.512 0.2876666671875 0.502 0.2836666671875 0.49924999999999997 0.2783333328125 0.49775 0.2703333328125 0.49775 0.262 0.50175 0.257 0.5145 0.25433333281250003 0.51625 0.25033333281250003 0.52425 0.24900000000000003 0.53725 0.24 0.564 0.23866666718750001 0.5815 0.24100000000000002 0.5862499999999999 0.2513333328125 0.588 0.2856666671875 0.58925
0 0.7713333328124999 0.60275 0.7769999999999999 0.58 0.7723333328125 0.56925 0.7673333328124999 0.5505 0.754 0.51325 0.7503333328124999 0.5105000000000001 0.735 0.5105000000000001 0.721 0.51275 0.7186666671874999 0.515 0.7176666671875 0.5175 0.7243333328125 0.58775 0.7366666671875 0.602 0.7713333328124999 0.60275
0 0.8216666671875 0.60375 0.8226666671875 0.60325 0.8223333328125 0.5965 0.8143333328125 0.5675 0.806 0.55275 0.8026666671875 0.55 0.796 0.5505 0.7913333328125 0.55275 0.7906666671875 0.5559999999999999 0.7903333328125 0.5725 0.7966666671875 0.6012500000000001 0.799 0.6035 0.8216666671875 0.60375
0 0.6946666671874999 0.77125 0.6986666671874999 0.787 0.7036666671875 0.79075 0.7273333328125 0.79075 0.7493333328125 0.78925 0.752 0.78725 0.752 0.7847500000000001 0.7466666671875 0.76025 0.735 0.68125 0.7316666671875 0.6775 0.722 0.67425 0.7190000000000001 0.67 0.714 0.66825 0.6946666671874999 0.66975 0.692 0.67475 0.6813333328125 0.68075 0.6813333328125 0.6945 0.6843333328125001 0.71375 0.6893333328125 0.7365 0.6946666671874999 0.77125
0 0.4543333328125 0.79375 0.4733333328125 0.79375 0.49800000000000005 0.79225 0.5013333328125 0.791 0.5056666671875 0.769 0.5046666671875 0.759 0.49000000000000005 0.7152499999999999 0.4823333328125 0.6765 0.479 0.67375 0.4663333328125 0.67375 0.45933333281250005 0.6755 0.45766666718750004 0.6775 0.4543333328125 0.693 0.454 0.709 0.4493333328125 0.71975 0.44000000000000006 0.765 0.44000000000000006 0.7825 0.44266666718750003 0.79075 0.4443333328125 0.79225 0.4543333328125 0.79375
0 0.512 0.7542500000000001 0.5123333328124999 0.7635 0.515 0.767 0.5146666671875 0.779 0.516 0.7905 0.5176666671875 0.79225 0.5206666671875 0.7929999999999999 0.5446666671875 0.7925 0.549 0.79075 0.5513333328125001 0.752 0.5523333328125 0.6895 0.549 0.6875 0.534 0.6885 0.505 0.68825 0.5026666671875 0.68925 0.5013333328125 0.6915 0.501 0.7015 0.5073333328125 0.72758325 0.5073333328125 0.73275 0.512 0.7542500000000001
0 0.3206666671875 0.44699999999999995 0.322 0.44025 0.32166666718750003 0.41974999999999996 0.318 0.39249999999999996 0.31433333281250003 0.3895 0.3056666671875 0.38775 0.2986666671875 0.38849999999999996 0.2946666671875 0.391 0.29300000000000004 0.39825 0.29 0.40374999999999994 0.286 0.42374999999999996 0.2813333328125 0.43099999999999994 0.281 0.44375 0.2833333328125 0.446 0.316 0.44800000000000006 0.3206666671875 0.44699999999999995