1 0.1585 0.1846666671875 0.16075 0.188 0.22075 0.1973333328125 0.23450000000000001 0.20166666718749998 0.24575 0.2033333328125 0.2905 0.217 0.3225 0.2226666671875 0.327 0.2226666671875 0.32925 0.2206666671875 0.32825000000000004 0.1973333328125 0.32825000000000004 0.1426666671875 0.32775 0.134 0.32599999999999996 0.13033333281249998 0.28325 0.1136666671875 0.27925 0.1106666671875 0.27325 0.1096666671875 0.26349999999999996 0.10466666718749999 0.21974999999999997 0.0876666671875 0.21349999999999997 0.088 0.17024999999999998 0.10333333281249998 0.1615 0.10733333281249999 0.15925 0.11133333281249999 0.15875 0.1223333328125 0.15725 0.1286666671875 0.15775 0.17533333281250002 0.1585 0.1846666671875
1 0.6395 0.2743333328125 0.6395 0.28300000000000003 0.64025 0.2836666671875 0.64275 0.2853333328125 0.66825 0.2893333328125 0.6735 0.29133333281249996 0.73 0.29900000000000004 0.73925 0.30133333281249997 0.744 0.2986666671875 0.7462500000000001 0.25866666718750003 0.74825 0.25033333281250003 0.752 0.248 0.75275 0.244 0.752 0.2276666671875 0.7502500000000001 0.22433333281249998 0.74125 0.2206666671875 0.6725 0.20099999999999998 0.66725 0.20099999999999998 0.634 0.20833333281250002 0.6335 0.2126666671875 0.64125 0.217 0.64275 0.22233333281249998 0.6395 0.2743333328125
1 0.6397612500000001 0.284681 0.642 0.2213333328125 0.64025 0.2176666671875 0.62825 0.21200000000000002 0.615 0.2096666671875 0.5995 0.20099999999999998 0.58775 0.2013333328125 0.55073425 0.2034903328125 0.55034875 0.223531 0.5915865 0.2374053328125 0.5915865 0.2759453328125 0.6397612500000001 0.284681
1 0.541 0.26433333281250004 0.5835 0.2746666671875 0.588 0.2743333328125 0.591 0.2713333328125 0.592 0.2633333328125 0.5915 0.24333333281249997 0.5900000000000001 0.23700000000000002 0.587 0.2343333328125 0.5215 0.21400000000000002 0.48925 0.2213333328125 0.48600000000000004 0.223 0.485 0.22599999999999998 0.48425 0.252 0.48650000000000004 0.255 0.49824999999999997 0.258 0.541 0.26433333281250004
1 0.39775 0.20366666718749998 0.3975 0.2273333328125 0.39875 0.2343333328125 0.40025000000000005 0.2363333328125 0.43925000000000003 0.2463333328125 0.48324999999999996 0.252 0.48324999999999996 0.23533333281250002 0.48224999999999996 0.231 0.48550000000000004 0.202 0.48575 0.1653333328125 0.48475 0.153 0.48600000000000004 0.1256666671875 0.48575 0.0486666671875 0.48175 0.044666667187499995 0.43200000000000005 0.0213333328125 0.42750000000000005 0.0206666671875 0.41275000000000006 0.0213333328125 0.40425000000000005 0.0236666671875 0.4025 0.0256666671875 0.40449999999999997 0.029666667187500002 0.39675 0.034999999999999996 0.39525 0.04 0.39649999999999996 0.1096666671875 0.39625 0.1386666671875 0.395 0.1546666671875 0.39775 0.20366666718749998
1 0.43425 0.541 0.45675 0.5436666671875 0.48475 0.537 0.4885 0.533 0.48875 0.49766666718749997 0.488 0.49400000000000005 0.48624999999999996 0.4916666671875 0.47625 0.4926666671875 0.46399999999999997 0.49000000000000005 0.44699999999999995 0.4893333328125 0.41675000000000006 0.49400000000000005 0.414 0.49533333281249997 0.413 0.49733333281250003 0.41275000000000006 0.5066666671875 0.4145 0.5163333328124999 0.41550000000000004 0.537 0.43425 0.541
1 0.197 0.5993333328125 0.20024999999999998 0.5976666671875 0.24874999999999997 0.588 0.258 0.584 0.2585 0.572 0.25675 0.5456666671875 0.258 0.5416666671875 0.25775000000000003 0.5269999999999999 0.25375000000000003 0.4313333328125 0.25225 0.4246666671875 0.2465 0.4233333328125 0.21925 0.42366666718749996 0.1875 0.426 0.1695 0.4256666671875 0.16775 0.42699999999999994 0.16999999999999998 0.5203333328124999 0.17375000000000002 0.596 0.1815 0.5993333328125 0.197 0.5993333328125
1 0.48825 0.49400000000000005 0.48925 0.502 0.489 0.5266666671875 0.48975 0.5296666671875 0.507 0.5313333328125001 0.51775 0.5286666671875 0.52025 0.5253333328124999 0.52125 0.519 0.5195000000000001 0.44699999999999995 0.5175 0.44400000000000006 0.49225 0.44400000000000006 0.48650000000000004 0.44699999999999995 0.485 0.45099999999999996 0.4845 0.46699999999999997 0.48575 0.47366666718749995 0.48624999999999996 0.4903333328125 0.48825 0.49400000000000005
1 0.619 0.507 0.6475 0.502 0.6527499999999999 0.499 0.6537499999999999 0.45066666718750004 0.6519999999999999 0.44699999999999995 0.6475 0.4453333328125 0.6315000000000001 0.4436666671875 0.61875 0.4443333328125 0.61475 0.44266666718750003 0.5962500000000001 0.44733333281250004 0.5934999999999999 0.4523333328125 0.5945 0.5023333328125 0.59575 0.5053333328125 0.6065 0.5073333328125 0.619 0.507
1 0.52015625 0.44379166718749996 0.52065625 0.45179166718749997 0.5194062500000001 0.457125 0.52090625 0.4587916671875 0.52190625 0.46345833281250004 0.52140625 0.473125 0.52240625 0.481125 0.52240625 0.4967916671875 0.52165625 0.5004583328125001 0.52240625 0.514125 0.5236562499999999 0.5197916671875 0.5274062500000001 0.5204583328125 0.53365625 0.5191250000000001 0.59290625 0.5054583328125 0.59465625 0.5037916671875 0.5941562499999999 0.4214583328125 0.59265625 0.41712499999999997 0.57965625 0.415125 0.5741562499999999 0.41645833281250005 0.56490625 0.41612499999999997 0.5081562500000001 0.42112499999999997 0.50565625 0.42212500000000003 0.50390625 0.430125 0.50265625 0.4377916671875 0.50390625 0.44279166718749996 0.50665625 0.44445833281249997 0.52015625 0.44379166718749996
1 0.643 0.6103333328125 0.64995075 0.608521 0.65536425 0.6088156671875 0.66075 0.611 0.6627500000000001 0.6123333328125 0.66425 0.6156666671875 0.6725 0.626 0.67375 0.632 0.67375 0.6446666671875 0.6719999999999999 0.6573333328125 0.67225 0.6623333328125 0.67125 0.6653333328125 0.6705 0.7166666671875 0.669 0.728 0.66925 0.7386666671875 0.671 0.7426666671875 0.6775 0.7463333328124999 0.68225 0.7456666671875001 0.6975 0.7333333328125 0.7075 0.7283333328125 0.72025 0.7186666671874999 0.72675 0.7166666671875 0.73125 0.7123333328125 0.7325 0.709 0.73325 0.697 0.73525 0.5756666671875 0.73525 0.572 0.73225 0.5673333328125 0.72825 0.5643333328125 0.72075 0.5626666671875 0.71675 0.5603333328125 0.692 0.5549999999999999 0.6855 0.5553333328125001 0.6839999999999999 0.5563333328125 0.68225 0.5646666671875 0.6795 0.5666666671875 0.66225 0.572 0.6585 0.5743333328125 0.65425 0.5746666671875 0.64625 0.5723333328125 0.642 0.575 0.63775 0.579 0.635 0.5836666671875 0.6345 0.591 0.63415225 0.6204526671874999 0.6379085 0.618243 0.64177525 0.6179486671875 0.643 0.6103333328125
0 0.6487499999999999 0.7606666671875 0.6495 0.7693333328125 0.65025 0.7706666671875 0.65425 0.771 0.66225 0.768 0.66575 0.763 0.6677500000000001 0.7453333328125 0.67375 0.632 0.673 0.6266666671875 0.663 0.612 0.65825 0.6093333328125 0.64625 0.6093333328125 0.64225 0.6116666671875 0.641 0.619 0.639 0.6206666671875001 0.63475 0.621 0.633 0.6236666671875 0.63175 0.6303333328125 0.63225 0.6403333328125 0.63025 0.683 0.6305 0.7030000000000001 0.64825 0.7126666671875 0.65075 0.7166666671875 0.6487499999999999 0.7606666671875
0 0.3215 0.5606666671875 0.3265 0.564 0.33225 0.5653333328125 0.3505 0.5650000000000001 0.36524999999999996 0.5626666671875 0.36825 0.5603333328125 0.372 0.5546666671875 0.37825000000000003 0.533 0.3785 0.5013333328125 0.3675 0.40366666718750005 0.365 0.389 0.36324999999999996 0.3846666671875 0.35950000000000004 0.3806666671875 0.35775 0.37666666718749997 0.35525 0.3533333328125 0.35350000000000004 0.3456666671875 0.34950000000000003 0.3413333328125 0.34550000000000003 0.3393333328125 0.33599999999999997 0.3383333328125 0.32999999999999996 0.3396666671875 0.3225 0.3453333328125 0.32125 0.34900000000000003 0.32 0.377 0.31425000000000003 0.389 0.312 0.40133333281250005 0.3155 0.4386666671875 0.313 0.472 0.311 0.4813333328125 0.31025 0.49366666718749996 0.31025 0.5193333328125 0.31175 0.532 0.31425000000000003 0.5429999999999999 0.3215 0.5606666671875
0 0.20625 0.9666666671874999 0.20875 0.9956666671875001 0.21375000000000002 0.9970000000000001 0.21749999999999997 0.9996666671875 0.27675 0.9996666671875 0.27775 0.9943333328125 0.27799999999999997 0.9393333328125 0.277 0.9363333328125 0.27725 0.877 0.27625 0.8733333328124999 0.279 0.8526666671875001 0.27825 0.8226666671875 0.279 0.8176666671874999 0.27725 0.8096666671875001 0.27525 0.806 0.27125 0.8023333328125 0.2625 0.8006666671874999 0.26 0.791 0.25575000000000003 0.7866666671875 0.2485 0.7849999999999999 0.236 0.786 0.22525 0.791 0.2225 0.7943333328125 0.2205 0.7973333328125001 0.21925 0.8056666671875 0.20875 0.8140000000000001 0.20575000000000002 0.8186666671875 0.20299999999999999 0.8266666671875 0.20249999999999999 0.8406666671874999 0.2045 0.8703333328125 0.20425 0.8939999999999999 0.20625 0.9666666671874999
0 0.41574999999999995 0.9286666671875 0.41974999999999996 0.93 0.43150000000000005 0.9296666671875 0.44400000000000006 0.9236666671875 0.4585 0.9109999999999999 0.462 0.9036666671875 0.46275000000000005 0.8960000000000001 0.4655 0.8506666671875 0.46525 0.8253333328125001 0.46624999999999994 0.8156666671874999 0.4655 0.807 0.46624999999999994 0.8006666671874999 0.46425 0.79 0.461 0.7863333328125 0.4545 0.7833333328125 0.45025000000000004 0.7786666671875 0.4485 0.7736666671875 0.44775 0.7633333328125 0.44625000000000004 0.7603333328125 0.44825 0.751 0.45599999999999996 0.7436666671875 0.458 0.7366666671875 0.45599999999999996 0.7333333328125 0.44675000000000004 0.732 0.43125 0.736 0.42800000000000005 0.74 0.42975 0.752 0.425 0.7713333328124999 0.425 0.776 0.4215 0.7823333328125 0.42024999999999996 0.787 0.41574999999999995 0.7886666671875 0.413 0.7946666671875 0.40925 0.7986666671875 0.40975 0.8153333328124999 0.4085 0.8393333328124999 0.409 0.889 0.41150000000000003 0.923 0.41275000000000006 0.9259999999999999 0.41574999999999995 0.9286666671875
0 0.51525 0.748 0.51525 0.7556666671875 0.51925 0.7596666671875 0.5215 0.766 0.5207499999999999 0.7746666671875 0.521 0.8106666671875 0.5197499999999999 0.8140000000000001 0.51925 0.829 0.5195000000000001 0.8536666671875001 0.5215 0.8563333328124999 0.5255 0.8563333328124999 0.54075 0.8533333328125 0.5445 0.8506666671875 0.5467500000000001 0.8463333328125 0.54875 0.8406666671874999 0.553 0.8143333328125 0.55375 0.79 0.55225 0.778 0.553 0.774 0.5519999999999999 0.7676666671875 0.54975 0.7636666671875 0.5495 0.7533333328125 0.5469999999999999 0.7326666671875001 0.548 0.7086666671875 0.545 0.6793333328125 0.541 0.6756666671875 0.529 0.6743333328125 0.525 0.6759999999999999 0.5225 0.6816666671875 0.522 0.6943333328125 0.52 0.705 0.5195000000000001 0.7246666671875001 0.51525 0.748
0 0.5485 0.7456666671875001 0.54825 0.753 0.55125 0.7716666671875 0.5515 0.779 0.553 0.783 0.5535 0.7936666671875 0.5525 0.82 0.55325 0.826 0.5605 0.8276666671875 0.56825 0.8256666671874999 0.57125 0.8223333328125 0.57225 0.8183333328125 0.5765 0.7713333328124999 0.576 0.7556666671875 0.57775 0.747 0.57775 0.7296666671875001 0.57875 0.7206666671875 0.57725 0.7133333328125 0.57725 0.6916666671875 0.57875 0.6853333328125 0.579 0.6776666671875 0.5765 0.6736666671875 0.57225 0.6736666671875 0.54875 0.682 0.5467500000000001 0.6853333328125 0.5467500000000001 0.701 0.54775 0.7093333328125 0.5467500000000001 0.7306666671875 0.5485 0.7456666671875001
1 0.4665 0.8823333328125 0.48274999999999996 0.8926666671874999 0.4875 0.8906666671875 0.49775 0.884 0.5025000000000001 0.8793333328124999 0.5165 0.8713333328124999 0.51825 0.8663333328125 0.519 0.8576666671875 0.51875 0.8316666671874999 0.5215 0.7636666671875 0.5175 0.7586666671875 0.5105000000000001 0.755 0.50575 0.754 0.47750000000000004 0.763 0.47074999999999995 0.7666666671875 0.46725000000000005 0.7753333328124999 0.4665 0.8183333328125 0.46575 0.8210000000000001 0.46624999999999994 0.85 0.465 0.8743333328125 0.4655 0.881 0.4665 0.8823333328125
1 0.34175 0.998 0.34675 0.9923333328125 0.3725 0.9403333328124999 0.3755 0.9316666671875 0.39249999999999996 0.8966666671875 0.394 0.8806666671875 0.394 0.8453333328125 0.38275000000000003 0.8423333328125 0.37675000000000003 0.8426666671874999 0.373 0.8453333328125 0.3635 0.8619999999999999 0.35750000000000004 0.8693333328125 0.35675 0.8726666671875 0.3485 0.8880000000000001 0.341 0.8993333328125 0.32599999999999996 0.9269999999999999 0.31124999999999997 0.95 0.301 0.97 0.29474999999999996 0.9783333328125 0.28975 0.9876666671875001 0.28900000000000003 0.9896666671875 0.2895 0.9996666671875 0.34175 0.9996666671875 0.34175 0.998
0 0.65125 0.4453333328125 0.65425 0.4503333328125 0.654 0.4966666671875 0.66975 0.49400000000000005 0.6717500000000001 0.48966666718749996 0.6735 0.47866666718750006 0.6785 0.4603333328125 0.6795 0.44333333281250004 0.6745 0.3493333328125 0.6535 0.348 0.649 0.3496666671875 0.6447499999999999 0.399 0.64225 0.4403333328125 0.64275 0.44299999999999995 0.645 0.4446666671875 0.65125 0.4453333328125
0 0.69625 0.48966666718749996 0.69975 0.4843333328125 0.701 0.4403333328125 0.6975 0.42800000000000005 0.69825 0.4166666671875 0.69725 0.414 0.68925 0.4126666671875 0.68575 0.4143333328125 0.6855 0.426 0.68125 0.43933333281250003 0.6805 0.48600000000000004 0.68175 0.4893333328125 0.68525 0.49066666718749996 0.69625 0.48966666718749996
0 0.37525 0.2323333328125 0.39025 0.2346666671875 0.39675 0.23333333281250002 0.3975 0.207 0.396 0.17333333281250002 0.39225 0.1350476671875 0.3915 0.11200000000000002 0.38975 0.10300000000000001 0.38625 0.0946666671875 0.3855 0.0716666671875 0.38425 0.068 0.3815 0.065 0.37 0.062 0.36150000000000004 0.062333332812499996 0.35575 0.0646666671875 0.3545 0.0706666671875 0.35425 0.0883333328125 0.351 0.10166666718749999 0.35 0.1106666671875 0.3465 0.17733333281250002 0.34625 0.194 0.34825 0.225 0.3605 0.2296666671875 0.37525 0.2323333328125
1 0.588 0.8013333328125001 0.59475 0.8043333328125 0.59975 0.8029999999999999 0.604 0.7996666671875 0.60725 0.7993333328125 0.64625 0.78 0.649 0.7716666671875 0.65 0.7166666671875 0.64625 0.7110000000000001 0.63325 0.7066666671874999 0.614 0.7126666671875 0.60775 0.717 0.59525 0.7193333328125 0.58025 0.7246666671875001 0.5785 0.7276666671875 0.5765 0.759 0.57675 0.7761516671875001 0.57575 0.787 0.57675 0.7929999999999999 0.588 0.8013333328125001