1 0.6495 0.9696666671875 0.6475 0.9743333328125001 0.6495 0.978 0.6485000000000001 0.9823333328125001 0.65025 0.9880000000000001 0.6559999999999999 0.9960000000000001 0.66125 0.9976666671875 0.67125 0.9976666671875 0.67275 0.9996666671875 0.84975 0.9996666671875 0.851 0.9973333328124999 0.8535 0.9963333328124999 0.8545 0.994 0.8535 0.9815333328125 0.8535 0.933 0.85075 0.819 0.85025 0.7856666671875 0.851 0.7823333328125 0.85 0.779 0.8327500000000001 0.7673333328124999 0.8275 0.765 0.8162499999999999 0.7556666671875 0.786 0.736 0.77525 0.732 0.77525 0.746 0.77125 0.7483333328125 0.7525000000000001 0.752 0.747 0.7513333328125 0.7065 0.7553333328125 0.6845 0.7593333328125 0.6815 0.7586666671875 0.67475 0.7516666671875 0.669 0.75 0.64225 0.7623333328124999 0.64125 0.765 0.6455 0.9496666671874999 0.64725 0.9666666671874999 0.6495 0.9696666671875
1 0.68625 0.28700000000000003 0.70125 0.2866666671875 0.705 0.2853333328125 0.7175 0.286 0.86525 0.2823333328125 0.86875 0.2793333328125 0.86975 0.194 0.8714999999999999 0.188 0.8805 0.1853333328125 0.88175 0.1813333328125 0.8807499999999999 0.1496666671875 0.8797499999999999 0.1426666671875 0.8779999999999999 0.1403333328125 0.86775 0.13899999999999998 0.766 0.13799999999999998 0.69425 0.1346666671875 0.626 0.134 0.62325 0.1346666671875 0.61925 0.13899999999999998 0.6134999999999999 0.1463333328125 0.60975 0.154 0.60725 0.1536666671875 0.60325 0.158 0.6012500000000001 0.1623333328125 0.5955 0.1686666671875 0.59325 0.173 0.59175 0.17366666718749998 0.59275 0.186 0.59175 0.189 0.5915 0.2033333328125 0.5915 0.2826666671875 0.5925 0.28500000000000003 0.59475 0.2863333328125 0.68625 0.28700000000000003
1 0.442 0.2763333328125 0.44275000000000003 0.27999999999999997 0.44425 0.2816666671875 0.45425000000000004 0.2836666671875 0.47925000000000006 0.28500000000000003 0.588 0.2863333328125 0.5902499999999999 0.2836666671875 0.5900000000000001 0.2233333328125 0.59175 0.1853333328125 0.5905 0.179 0.58775 0.174 0.54325 0.17099999999999999 0.51525 0.17233333281250002 0.46125 0.16499999999999998 0.45149999999999996 0.16999999999999998 0.44975 0.17266666718749998 0.44875 0.17733333281250002 0.44400000000000006 0.1836666671875 0.43925000000000003 0.187 0.43674999999999997 0.1903333328125 0.43674999999999997 0.1953333328125 0.44025 0.205 0.44125 0.2193333328125 0.442 0.2763333328125
1 0.301 0.2793333328125 0.41275000000000006 0.284 0.42874999999999996 0.2833333328125 0.43274999999999997 0.2793333328125 0.43224999999999997 0.266 0.433 0.2633333328125 0.43150000000000005 0.24666666718750002 0.42750000000000005 0.2253333328125 0.42024999999999996 0.2206666671875 0.4175 0.22033333281249998 0.25575000000000003 0.20833333281250002 0.25175000000000003 0.2106666671875 0.251 0.2126666671875 0.25025 0.23500000000000001 0.24775 0.257 0.24775 0.2756666671875 0.24925000000000003 0.279 0.25175000000000003 0.2803333328125 0.301 0.2793333328125
1 0.0805 0 0.08025 0.0043333328125 0.08549999999999999 0.1573333328125 0.09075 0.275 0.0955 0.2783333328125 0.10725 0.2793333328125 0.211 0.279 0.21200000000000002 0.27599999999999997 0.21200000000000002 0.2706666671875 0.2105 0.25233333281250003 0.21000000000000002 0.20833333281250002 0.20575000000000002 0.13233333281249998 0.20350000000000001 0.0293333328125 0.20125 0 0.0805 0
0 0 0.2746666671875 0.02275 0.2756666671875 0.025750000000000002 0.2746666671875 0.026750000000000003 0.2726666671875 0.027750000000000004 0.24733333281249997 0.0235 0.1966666671875 0.018 0.1616666671875 0.013500000000000002 0.123 0.011 0.11133333281249999 0.00775 0.10333333281249998 0.00575 0.0706666671875 0.002 0.0636666671875 0 0.0636666671875 0 0.2746666671875
0 0.65575 0.5913333328125 0.6595 0.61 0.66325 0.6226666671875 0.66575 0.6266666671875 0.6815 0.6293333328124999 0.701 0.6273333328125 0.70475 0.623 0.7095 0.6073333328125 0.712 0.589 0.71825 0.5746666671875 0.72075 0.5613333328125 0.71675 0.5083333328124999 0.70675 0.40599999999999997 0.70625 0.3923333328125 0.7075 0.3846666671875 0.70575 0.3806666671875 0.701 0.37966666718750003 0.6615 0.3823333328125 0.655 0.3846666671875 0.65325 0.3883333328125 0.653 0.3916666671875 0.6465 0.5546666671875 0.64775 0.572 0.6505 0.5806666671875 0.65575 0.5913333328125
0 0.764 0.6246666671875001 0.77125 0.623 0.77325 0.6186666671875 0.77425 0.6083333328125 0.775 0.577 0.7745 0.533 0.77275 0.5176666671875 0.76825 0.5113333328125 0.7675 0.4903333328125 0.76075 0.487 0.74775 0.489 0.7455 0.493 0.745 0.4966666671875 0.7457499999999999 0.511 0.74 0.5246666671875 0.74125 0.6153333328125 0.744 0.6203333328125 0.75125 0.6233333328125 0.764 0.6246666671875001
0 0.56775 0.9313333328125 0.56825 0.9800000000000001 0.5702499999999999 0.9836666671875 0.572 0.9943333328125 0.57525 0.998 0.57525 0.9996666671875 0.63875 0.9996666671875 0.6405000000000001 0.9946666671875001 0.64125 0.9826666671875 0.6425 0.9273333328125 0.6415 0.8606666671875001 0.639 0.844 0.635 0.8396666671874999 0.628 0.8363333328125 0.6265 0.834 0.62325 0.8223333328125 0.619 0.8196666671875 0.6155 0.818 0.60375 0.8166666671874999 0.5962500000000001 0.818 0.59175 0.8203333328125 0.58775 0.8246666671874999 0.58525 0.833 0.57775 0.8376666671875 0.576 0.842 0.57225 0.8433333328125 0.5702499999999999 0.8539999999999999 0.5702499999999999 0.8699999999999999 0.56875 0.8843333328125 0.5695 0.897 0.56775 0.9003333328125 0.5695 0.9076666671875 0.5675 0.9153333328125 0.56925 0.9269999999999999 0.56775 0.9313333328125
0 0.33375 0.9553333328125 0.33875 0.993 0.34049999999999997 0.9996666671875 0.39425 0.9996666671875 0.396 0.9943333328125 0.39825 0.9039999999999999 0.39649999999999996 0.9019999999999999 0.3345 0.9039999999999999 0.33199999999999996 0.908 0.331 0.914 0.33025000000000004 0.9236666671875 0.33125 0.9353333328125 0.33325 0.9453333328125 0.33375 0.9553333328125
0 0.3165 0.9933333328125 0.31475 0.9853333328125 0.30724999999999997 0.9703333328125 0.30825 0.958 0.307 0.9353333328125 0.30325 0.9179999999999999 0.3025 0.9003333328125 0.29975 0.8926666671874999 0.29100000000000004 0.8886666671875 0.27525 0.892 0.26749999999999996 0.8976666671875 0.263 0.9076666671875 0.25775000000000003 0.994 0.2585 0.9996666671875 0.3165 0.9996666671875 0.3165 0.9933333328125
0 0.05475 0.9773333328125 0.05575 0.9810000000000001 0.05500000000000001 0.9873333328125 0.050749999999999997 0.994 0.04875 0.9996666671875 0.08175 0.9996666671875 0.08175 0.9936666671875001 0.08025 0.9880000000000001 0.076 0.9843333328125 0.06949999999999999 0.9813333328124999 0.0685 0.9763333328125 0.07175000000000001 0.9720000000000001 0.08325 0.9693333328125 0.088 0.9666666671874999 0.09175 0.9616666671875 0.0925 0.9586666671874999 0.09175 0.9573333328125001 0.07775 0.9506666671874999 0.064 0.95 0.0595 0.951 0.05225 0.9553333328125 0.045 0.9626666671875 0.04375 0.9666666671874999 0.043 0.9713333328125 0.04475 0.975 0.05275 0.9753333328125 0.05475 0.9773333328125
1 0.15425 0.687 0.159 0.6873333328125 0.162 0.6896666671875 0.1655 0.686 0.20925 0.6816666671875 0.22400000000000003 0.6776666671875 0.22875 0.674 0.23625 0.6563333328125001 0.236 0.6333333328124999 0.23775 0.6226666671875 0.23625 0.603 0.22325 0.6023333328125 0.16599999999999998 0.608 0.154 0.6176666671875 0.15025 0.6223333328125 0.149 0.626 0.14925 0.65 0.152 0.6636666671875 0.153 0.6836666671875 0.15425 0.687
1 0.29925 0.669 0.30625 0.667 0.3075 0.6656666671875 0.30825 0.662 0.30874999999999997 0.6363333328125 0.305 0.5446666671875 0.30274999999999996 0.542 0.27525 0.5436666671875 0.26875 0.545 0.26725 0.5476666671875 0.2665 0.5516666671875 0.267 0.6696666671875 0.27675 0.671 0.29925 0.669
1 0.33275 0.658 0.33375 0.6586666671875 0.37675000000000003 0.6533333328125 0.42000000000000004 0.6503333328124999 0.4255 0.6486666671875 0.44325000000000003 0.647 0.44800000000000006 0.6446666671875 0.45549999999999996 0.6456666671875 0.51375 0.64 0.51675 0.6386666671875 0.51925 0.6343333328125 0.52025 0.619 0.5195000000000001 0.6153333328125 0.52 0.611 0.518 0.607 0.5185 0.5446666671875 0.51725 0.5346666671875 0.5165 0.5033333328125 0.516 0.501 0.5135 0.49833333281250003 0.33425 0.5103333328125 0.33199999999999996 0.512 0.32599999999999996 0.513 0.32575 0.5309999999999999 0.32599999999999996 0.5980000000000001 0.3285 0.6143333328125 0.32975 0.645 0.33275 0.658
1 0.533 0.633 0.5337500000000001 0.6383333328125 0.53675 0.6443333328125 0.5855 0.6423333328124999 0.5875 0.6413333328124999 0.62825 0.6393333328125 0.63475 0.6376666671875 0.636 0.6153333328125 0.636 0.5633333328125001 0.63525 0.549 0.6327499999999999 0.5446666671875 0.626 0.5406666671875 0.6144999999999999 0.5366666671875 0.61 0.5363333328125 0.5287499999999999 0.5429999999999999 0.52175 0.5446666671875 0.5207499999999999 0.5473333328125001 0.52125 0.6056666671875 0.5225 0.623 0.52925 0.6306666671875 0.533 0.633
0 0 0.6956666671875 0.0095 0.6940000000000001 0.017249999999999998 0.6900000000000001 0.021249999999999998 0.6863333328125 0.026500000000000003 0.6786666671875 0.03325 0.6599999999999999 0.03625 0.635 0.0355 0.616 0.03325 0.595 0.0225 0.549 0.020749999999999998 0.537 0.020499999999999997 0.5053333328125 0.019 0.488 0.017499999999999998 0.48 0.013500000000000002 0.47066666718750005 0.0045 0.4566666671875 0.0017500000000000003 0.4286666671875 0 0.4286666671875 0 0.6956666671875