1 0.07775 0.2496666671875 0.11925 0.254 0.154 0.256 0.1905 0.2556666671875 0.20024999999999998 0.25233333281250003 0.20400000000000001 0.2533333328125 0.21200000000000002 0.2526666671875 0.21425 0.24933333281249997 0.21425 0.21233333281250003 0.213 0.1966666671875 0.20950000000000002 0.1893333328125 0.199 0.17366666718749998 0.19675 0.172 0.18925 0.1696666671875 0.15075 0.16599999999999998 0.08299999999999999 0.1616666671875 0.0775 0.162 0.075 0.1653333328125 0.0745 0.1786666671875 0.07575 0.2396666671875 0.07625 0.248 0.07775 0.2496666671875
1 0.32799999999999996 0.255 0.35350000000000004 0.2553333328125 0.40275 0.25433333281250003 0.409 0.253 0.41125 0.248 0.41150000000000003 0.2316666671875 0.40800000000000003 0.0293333328125 0.40425000000000005 0.025333332812499998 0.39849999999999997 0.025333332812499998 0.3255 0.0266666671875 0.32175 0.03 0.32225000000000004 0.13533333281249998 0.3245 0.24933333281249997 0.3255 0.2536666671875 0.32799999999999996 0.255
1 0.5785 0.252 0.5795 0.2506666671875 0.58 0.22000000000000003 0.5775 0.205 0.5735 0.2033333328125 0.44699999999999995 0.1983333328125 0.44375 0.2 0.44175000000000003 0.205 0.43949999999999995 0.23500000000000001 0.43925000000000003 0.25166666718749997 0.44275000000000003 0.253 0.571 0.2533333328125 0.5785 0.252
1 0.5900000000000001 0.2483333328125 0.59175 0.25166666718749997 0.606 0.2536666671875 0.7095 0.2533333328125 0.7190000000000001 0.25166666718749997 0.7212500000000001 0.159 0.7195 0.1556666671875 0.6799999999999999 0.1553333328125 0.6519999999999999 0.1576666671875 0.64275 0.156 0.61 0.1543333328125 0.6012500000000001 0.158 0.5934999999999999 0.16799999999999998 0.58875 0.17233333281250002 0.588 0.1776666671875 0.58975 0.185 0.59075 0.2042223328125 0.5900000000000001 0.2483333328125
1 0.7205 0.2326666671875 0.725 0.236 0.72425 0.24133333281249997 0.7230000000000001 0.2423333328125 0.7215 0.248 0.73175 0.25166666718749997 0.7965 0.24866666718750002 0.8390000000000001 0.24900000000000003 0.9592499999999999 0.24500000000000002 0.9744999999999999 0.2436666671875 0.98225 0.2416666671875 0.98375 0.233 0.9865 0.1626666671875 0.9882500000000001 0.157 0.9957499999999999 0.154 0.9970000000000001 0.1503333328125 0.9967499999999999 0.126 0.9945 0.119 0.9952500000000001 0.11499999999999999 0.9942500000000001 0.11399999999999999 0.9650000000000001 0.1136666671875 0.75175 0.122 0.748 0.124 0.7422500000000001 0.1306666671875 0.74075 0.136 0.7405 0.147 0.7384999999999999 0.1493333328125 0.73725 0.1536666671875 0.73675 0.1646666671875 0.7335 0.1706666671875 0.7292500000000001 0.16933333281250001 0.7292500000000001 0.16299999999999998 0.727 0.1556666671875 0.726 0.1543333328125 0.72425 0.1546666671875 0.7224999999999999 0.1696666671875 0.7230000000000001 0.1776666671875 0.72075 0.21600000000000003 0.72175 0.2196666671875 0.7205 0.22400000000000003 0.7212500000000001 0.229 0.7205 0.2326666671875
1 0.07275000000000001 0.536 0.07025 0.541 0.0705 0.5483333328125 0.06949999999999999 0.5526666671875 0.07225000000000001 0.5573333328125 0.07175000000000001 0.562 0.07525 0.5656666671874999 0.07575 0.568 0.08 0.5706666671875 0.08725000000000001 0.571 0.1325 0.5693333328125 0.154 0.5636666671875 0.1595 0.5606666671875 0.1575 0.43933333281250003 0.156 0.43600000000000005 0.154 0.43333333281249997 0.15075 0.43200000000000005 0.13899999999999998 0.43099999999999994 0.079 0.43200000000000005 0.072 0.43533333281250003 0.07275000000000001 0.5136666671875 0.07375000000000001 0.5296666671875 0.0715 0.533 0.07275000000000001 0.536
1 0.36275 0.5636666671875 0.365 0.5660000000000001 0.41325 0.5650000000000001 0.41675000000000006 0.5633333328125001 0.4205 0.5566666671875 0.42074999999999996 0.5316666671875 0.42175 0.529 0.42225 0.5203333328124999 0.41974999999999996 0.509 0.36875 0.5103333328125 0.366 0.512 0.36075 0.5183333328125 0.36025 0.5336666671875 0.36275 0.5533333328125 0.362 0.5606666671875 0.36275 0.5636666671875
1 0.49349999999999994 0.553 0.495 0.5556666671875 0.5 0.5566666671875 0.53 0.5549999999999999 0.56075 0.5553333328125001 0.57566675 0.5536666671875 0.643 0.5523333328125 0.64625 0.5513333328125001 0.649 0.5486666671875 0.6497499999999999 0.514 0.64925 0.47366666718749995 0.64825 0.46900000000000003 0.648 0.43666666718749997 0.64725 0.4346666671875 0.4955 0.4386666671875 0.493 0.43966666718749997 0.49225 0.44333333281250004 0.4925 0.483 0.4915 0.48600000000000004 0.49225 0.5366666671875 0.49349999999999994 0.553
1 0.47750000000000004 0.5573333328125 0.47575 0.46699999999999997 0.47450000000000003 0.4636666671875 0.4725 0.4623333328125 0.45925000000000005 0.46166666718749994 0.45025000000000004 0.462 0.44875 0.46266666718750005 0.44675000000000004 0.46666666718750005 0.4465 0.5603333328125 0.45025000000000004 0.5623333328125 0.47450000000000003 0.562 0.47750000000000004 0.5573333328125
1 0.6585 0.529 0.66075 0.54 0.6597500000000001 0.5486666671875 0.662 0.5543333328125 0.6655 0.5559999999999999 0.67075 0.5563333328125 0.7405 0.5566666671875 0.748 0.5563333328125 0.7497499999999999 0.554 0.75125 0.53 0.75175 0.48733333281249996 0.7505 0.4783333328125 0.7485 0.476 0.73975 0.4723333328125 0.73125 0.472 0.6875 0.4756666671875 0.66525 0.47533333281249995 0.65625 0.47766666718749995 0.657 0.48200000000000004 0.6599999999999999 0.48566666718749996 0.6597500000000001 0.5186666671875 0.6585 0.529
1 0.75575 0.8616666671875001 0.758 0.8683333328125 0.75725 0.877 0.7577499999999999 0.8806666671875 0.76475 0.8886666671875 0.7675 0.8976666671875 0.77675 0.9093333328125001 0.78275 0.9273333328125 0.7865 0.9289999999999999 0.8009999999999999 0.9279999999999999 0.9039999999999999 0.9276666671875 0.9097500000000001 0.9256666671874999 0.9432499999999999 0.925 0.94425 0.9236666671875 0.945 0.9166666671874999 0.945 0.9003333328125 0.9460000000000001 0.8936666671875001 0.94525 0.88325 0.9465 0.8483333328124999 0.9484999999999999 0.693 0.9435 0.689 0.9404999999999999 0.6886666671875 0.9355 0.6833333328125 0.92675 0.679 0.909 0.666 0.9035 0.6633333328125001 0.89275 0.6543333328125 0.88475 0.65 0.88025 0.6503333328124999 0.8815 0.6536666671875 0.88125 0.6583333328125 0.8789999999999999 0.6643333328125001 0.87591675 0.666 0.79775 0.6683333328125001 0.79125 0.6646666671875 0.7865 0.6599999999999999 0.782 0.6583333328125 0.7675 0.662 0.7645 0.6643333328125001 0.7565000000000001 0.667 0.7545 0.6696666671875 0.7555 0.729 0.7545 0.765 0.75475 0.8306666671875 0.75575 0.8616666671875001
1 0.575 0.9123333328125 0.576 0.9283333328125 0.6184999999999999 0.9349999999999999 0.6565000000000001 0.9369999999999999 0.67 0.9393333328125 0.68225 0.9386666671875 0.6832499999999999 0.9353333328125 0.68475 0.913 0.6845 0.862762 0.68525 0.853 0.682 0.8346666671875 0.6799999999999999 0.8306666671875 0.5782499999999999 0.8223333328125 0.57675 0.8230000000000001 0.57575 0.8253333328125001 0.5742499999999999 0.845 0.57375 0.8676666671875 0.5745 0.8949999999999999 0.57575 0.9 0.575 0.9123333328125
1 0.09175 0.9710000000000001 0.09575 0.9710000000000001 0.1065 0.967 0.10800000000000001 0.9686666671875 0.10900000000000001 0.9783333328125 0.11225 0.9796666671875001 0.173 0.9553333328125 0.193 0.9490000000000001 0.2065 0.9413333328125001 0.22125 0.9366666671875 0.26325 0.9196666671875 0.268 0.9189999999999999 0.27225 0.916 0.27225 0.9076666671875 0.27025 0.8936666671875001 0.26949999999999996 0.8566666671875 0.26749999999999996 0.8543333328125 0.26325 0.8553333328124999 0.181 0.884 0.17475000000000002 0.8873333328124999 0.1685 0.8886666671875 0.11125 0.9099999999999999 0.10575000000000001 0.9136666671875 0.1025 0.921 0.0955 0.925 0.08925 0.9313333328125 0.08775 0.9366666671875 0.08725000000000001 0.9406666671874999 0.08875 0.9636666671875 0.09 0.9686666671875 0.09175 0.9710000000000001
1 0.369 0.9470000000000001 0.40149999999999997 0.9460000000000001 0.41624999999999995 0.9433333328125 0.4175 0.9393333328125 0.41775 0.9306666671875 0.41925 0.9236666671875 0.41925 0.9 0.4185 0.8953333328124999 0.421 0.885 0.41875 0.8426666671874999 0.41974999999999996 0.8300000000000001 0.41675000000000006 0.8076666671874999 0.41525 0.8063333328125 0.40725 0.806 0.40449999999999997 0.8046666671875 0.37324999999999997 0.8016666671875001 0.3685 0.8023333328125 0.36524999999999996 0.8003333328125001 0.36150000000000004 0.8029999999999999 0.35975 0.806 0.35724999999999996 0.817 0.357 0.8556666671875 0.35975 0.9433333328125 0.36124999999999996 0.9456666671875 0.369 0.9470000000000001
0 0.22025 0.5533333328125 0.2245 0.5613333328125 0.2285 0.5643333328125 0.23575 0.5663333328125 0.24775 0.5663333328125 0.26375000000000004 0.5643333328125 0.2685 0.562 0.27349999999999997 0.5559999999999999 0.27925 0.5366666671875 0.27925 0.49866666718749997 0.27799999999999997 0.48600000000000004 0.27149999999999996 0.4516666671875 0.27125 0.4153333328125 0.26749999999999996 0.4 0.26175000000000004 0.3906666671875 0.26 0.381 0.25925 0.369 0.25575000000000003 0.36066666718749996 0.248 0.3563333328125 0.23875000000000002 0.3563333328125 0.23525000000000001 0.357 0.229 0.3613333328125 0.22574999999999998 0.37266666718749997 0.2245 0.3936666671875 0.21925 0.403 0.21625 0.4233333328125 0.21425 0.522 0.21525 0.5363333328125 0.217 0.5446666671875 0.22025 0.5533333328125
0 0.2325 0.24866666718750002 0.23399999999999999 0.25233333281250003 0.23725000000000002 0.254 0.273 0.255 0.27875 0.25466666718750003 0.27999999999999997 0.2533333328125 0.28125 0.23133333281250001 0.27925 0.1906666671875 0.27525 0.1623333328125 0.27275 0.1346666671875 0.269 0.12166666718750001 0.26825 0.1 0.26349999999999996 0.0936666671875 0.25575000000000003 0.091 0.244 0.09066666718750001 0.24 0.092 0.23700000000000002 0.0953333328125 0.23625 0.0983333328125 0.23650000000000002 0.1183333328125 0.23450000000000001 0.1296666671875 0.2325 0.1576666671875 0.233 0.1623333328125 0.23149999999999998 0.17266666718749998 0.23149999999999998 0.1853333328125 0.227 0.20566666718749999 0.227 0.215 0.22999999999999998 0.2206666671875 0.23125 0.2396666671875 0.2325 0.24866666718750002
0 0.771 0.5183333328125 0.77675 0.5443333328125 0.78225 0.55 0.7905 0.5519999999999999 0.8074999999999999 0.5519999999999999 0.8150000000000001 0.5496666671875 0.8182499999999999 0.545 0.8220000000000001 0.5303333328125001 0.82325 0.5206666671875 0.8300000000000001 0.506 0.8327500000000001 0.4943333328125 0.8300000000000001 0.44699999999999995 0.82675 0.4103333328125 0.826 0.388 0.8247500000000001 0.38166666718750003 0.82325 0.3586666671875 0.8234999999999999 0.343 0.8244999999999999 0.3373333328125 0.8230000000000001 0.33399999999999996 0.8105 0.333 0.7929999999999999 0.3343333328125 0.779 0.33599999999999997 0.776 0.33799999999999997 0.7747499999999999 0.341 0.77425 0.367 0.76775 0.4273333328125 0.76775 0.43966666718749997 0.76375 0.49533333281249997 0.7675 0.5133333328125 0.771 0.5183333328125
0 0.861 0.5509999999999999 0.8685 0.5526666671875 0.87325 0.5513333328125001 0.87775 0.5526666671875 0.8807499999999999 0.5506666671875 0.88325 0.5453333328125 0.88275 0.5396666671875 0.88475 0.5306666671875 0.885 0.5206666671875 0.8845000000000001 0.46666666718750005 0.88275 0.4563333328125 0.8795 0.45066666718750004 0.8805 0.43899999999999995 0.8787499999999999 0.43233333281249997 0.8772500000000001 0.4306666671875 0.86025 0.4313333328125 0.858 0.4346666671875 0.85725 0.438 0.8574999999999999 0.45099999999999996 0.8532500000000001 0.4583333328125 0.85175 0.466 0.85075 0.5366666671875 0.85175 0.5456666671875 0.8535 0.5483333328125 0.861 0.5509999999999999
0 0.43499999999999994 0.8066666671875 0.42874999999999996 0.8623333328125 0.42575 0.8763333328125 0.42474999999999996 0.8843333328125 0.4255 0.9033333328125 0.43150000000000005 0.9283333328125 0.43550000000000005 0.9346666671875001 0.45025000000000004 0.942 0.45925000000000005 0.943 0.47125000000000006 0.9393333328125 0.48375 0.9316666671875 0.48575 0.9269999999999999 0.48875 0.9083333328125001 0.48925 0.8880000000000001 0.49050000000000005 0.877 0.49400000000000005 0.873 0.49074999999999996 0.8716666671875 0.48975 0.869 0.48975 0.8646666671875 0.48724999999999996 0.8533333328125 0.4835 0.8436666671875 0.48250000000000004 0.8380000000000001 0.48250000000000004 0.8283333328125 0.47975 0.8196666671875 0.48025 0.8143333328125 0.47400000000000003 0.7916666671875 0.47450000000000003 0.783 0.47350000000000003 0.78 0.47325 0.769 0.46825 0.7336666671875001 0.46725000000000005 0.732 0.46224999999999994 0.7296666671875001 0.4545 0.729 0.44699999999999995 0.731 0.44325000000000003 0.7333333328125 0.4415 0.736 0.441 0.7393333328125 0.441 0.7516666671875 0.4385 0.7766666671875 0.43925000000000003 0.794 0.43499999999999994 0.8066666671875
0 0.495 0.806 0.49625 0.8210000000000001 0.495 0.8256666671874999 0.497 0.835 0.496 0.8416666671874999 0.49850000000000005 0.849 0.49800000000000005 0.8533333328125 0.5002500000000001 0.868 0.49974999999999997 0.8733333328124999 0.501 0.8789999999999999 0.50325 0.9199999999999999 0.505 0.9273333328125 0.5095 0.9313333328125 0.5165 0.9336666671874999 0.529 0.932 0.5335 0.9276666671875 0.5347500000000001 0.924 0.536 0.8883333328124999 0.537 0.885 0.53675 0.8783333328125 0.5387500000000001 0.858 0.54125 0.7833333328125 0.54375 0.752 0.5415 0.749 0.53925 0.7483333328125 0.496 0.7456666671875001 0.49400000000000005 0.7456666671875001 0.49175 0.751 0.49074999999999996 0.7596666671875 0.49375 0.7913333328125 0.49375 0.8026666671875 0.495 0.806
0 0.27949999999999997 0.943 0.284 0.9463333328125 0.294 0.9483333328124999 0.30775 0.9483333328124999 0.31825000000000003 0.9463333328125 0.32599999999999996 0.9433333328125 0.33399999999999996 0.9376666671875 0.337 0.9316666671875 0.337 0.9073333328125001 0.33775 0.905 0.33675 0.8503333328125 0.33399999999999996 0.8173333328125001 0.33075 0.8063333328125 0.32575 0.8023333328125 0.31575000000000003 0.798 0.3135 0.7953333328125 0.312 0.7809999999999999 0.30625 0.7736666671875 0.30474999999999997 0.7693333328125 0.30625 0.7653333328125 0.318 0.7626666671875 0.32025000000000003 0.7596666671875 0.31925 0.7556666671875 0.31 0.7516666671875 0.30175 0.751 0.29525 0.752 0.29075 0.756 0.28875 0.7596666671875 0.28900000000000003 0.763 0.2915 0.7646666671875 0.288 0.8023333328125 0.27999999999999997 0.8083333328125001 0.27549999999999997 0.8143333328125 0.27149999999999996 0.8236666671874999 0.27075 0.8286666671875 0.271 0.9013333328125 0.27549999999999997 0.9373333328125 0.27949999999999997 0.943
0 0.06625 0.9393333328125 0.06775 0.9436666671875 0.06825 0.951 0.073 0.9593333328125 0.07625 0.9613333328125 0.08275 0.9626666671875 0.0865 0.962 0.08825 0.9666666671874999 0.09175 0.9693333328125 0.0955 0.97 0.09925 0.9673333328125 0.10425 0.9666666671874999 0.10725 0.9636666671875 0.10700000000000001 0.9550000000000001 0.10325 0.9490000000000001 0.1 0.953 0.09675 0.9536666671875 0.09375 0.9496666671874999 0.09425 0.943 0.093 0.9376666671875 0.0955 0.9353333328125 0.094 0.933 0.094 0.931 0.098 0.9253333328125001 0.10400000000000001 0.9206666671875 0.10516675 0.9144443328125 0.10700000000000001 0.9119999999999999 0.11525 0.9066666671875 0.11975 0.9063333328125 0.125 0.9036666671875 0.1265 0.8966666671875 0.12450000000000001 0.8256666671874999 0.121 0.7676666671875 0.121 0.7546666671875 0.11975 0.7443333328125 0.11499999999999999 0.7396666671875 0.1045 0.7363333328125 0.1035 0.7316666671875 0.10124999999999999 0.7283333328125 0.0915 0.7266666671875 0.08349999999999999 0.7286666671875001 0.06975 0.736 0.0665 0.744 0.066 0.7483333328125 0.056499999999999995 0.755 0.053000000000000005 0.76 0.05175 0.764 0.052000000000000005 0.7946666671875 0.057499999999999996 0.8266666671875 0.065 0.9116666671875 0.06625 0.9393333328125
0 0.69625 0.9276666671875 0.70525 0.9336666671874999 0.71575 0.9369999999999999 0.72675 0.9369999999999999 0.7335 0.9353333328125 0.74 0.9293333328125 0.7422500000000001 0.9196666671875 0.744 0.8656666671875 0.746 0.857 0.74825 0.7863333328125 0.74775 0.7756666671875 0.749 0.7396666671875 0.748 0.7326666671875001 0.74375 0.7256666671875001 0.736 0.721 0.73225 0.7083333328125 0.72275 0.7046666671875 0.708 0.705 0.70225 0.7086666671875 0.701 0.7144999999999999 0.6925 0.7206666671875 0.689 0.7246666671875001 0.686 0.7356666671875 0.68425 0.759 0.68425 0.8153333328124999 0.687 0.9123333328125 0.6900000000000001 0.9196666671875 0.69625 0.9276666671875