0 0.24375 0.15078125 0.0609375 0.18515625
1 0.0828125 0.51171875 0.10546875 0.1515625
0 0.20675 0.5763333328125 0.21225 0.5816666671874999 0.21600000000000003 0.5836666671875 0.24175 0.5826666671875 0.25175000000000003 0.5816666671874999 0.25575000000000003 0.58 0.2615 0.5700000000000001 0.26749999999999996 0.5503333328125 0.2685 0.5373333328125 0.268 0.516 0.26549999999999996 0.49400000000000005 0.25975000000000004 0.4623333328125 0.25925 0.4166666671875 0.2555 0.4016666671875 0.2505 0.394 0.24874999999999997 0.3846666671875 0.24775 0.36866666718749996 0.2435 0.3603333328125 0.24 0.357 0.23650000000000002 0.356 0.22425 0.3556666671875 0.21925 0.357 0.21475 0.3613333328125 0.21175000000000002 0.3723333328125 0.21150000000000002 0.3926666671875 0.205 0.404 0.20224999999999999 0.41600000000000004 0.20099999999999998 0.43 0.19724999999999998 0.53 0.19875 0.5526666671875 0.20350000000000001 0.5696666671874999 0.20675 0.5763333328125
1 0.41224999999999995 0.5826666671875 0.4175 0.5820000000000001 0.42074999999999996 0.5796666671875 0.42125 0.5623333328125 0.42275 0.55 0.42275 0.5326666671875 0.4215 0.5243333328124999 0.42000000000000004 0.5233333328125 0.36724999999999997 0.5243333328124999 0.36425 0.5253333328124999 0.359 0.5336666671875 0.3585 0.5476666671875 0.3605 0.5626666671875 0.36124999999999996 0.5836666671875 0.41224999999999995 0.5826666671875
1 0.48274999999999996 0.5803333328125 0.484 0.5776666671874999 0.48274999999999996 0.4803333328125 0.48150000000000004 0.479 0.476 0.47800000000000004 0.45499999999999996 0.4783333328125 0.45375 0.4893333328125 0.453 0.5796666671875 0.4545 0.5806666671875 0.47000000000000003 0.5813333328125 0.48274999999999996 0.5803333328125
1 0.50225 0.5753333328125 0.52725 0.576 0.57225 0.575 0.58791675 0.5733333328125 0.6305 0.5736666671874999 0.6639999999999999 0.5723333328125 0.66625 0.5690000000000001 0.6675 0.5296666671875 0.6667500000000001 0.45066666718750004 0.666 0.4486666671875 0.662 0.44699999999999995 0.65825 0.44800000000000006 0.61825 0.44733333281250004 0.61475 0.4483333328125 0.602 0.4476666671875 0.5705 0.44966666718750004 0.5037499999999999 0.45099999999999996 0.502 0.4533333328125 0.5015 0.4583333328125 0.50225 0.4933333328125 0.49974999999999997 0.5033333328125 0.499 0.5183333328125 0.5 0.5476666671875 0.4995 0.562 0.5002500000000001 0.5716666671875 0.50225 0.5753333328125
1 0.674 0.568 0.6809999999999999 0.5766666671875 0.68525 0.5783333328125 0.6935 0.5786666671875 0.751 0.5793333328125 0.7725 0.5793333328125 0.776 0.5776666671874999 0.7777499999999999 0.5013333328125 0.77525 0.497 0.76725 0.493 0.75925 0.49233333281249997 0.75575 0.4893333328125 0.6795 0.48966666718749996 0.6755 0.491 0.67425 0.4956666671875 0.6725 0.5349999999999999 0.67375 0.5476666671875 0.67275 0.561 0.674 0.568
0 0.8007500000000001 0.5616666671874999 0.80425 0.5700000000000001 0.8067500000000001 0.5723333328125 0.819 0.5746666671875 0.8385 0.5746666671875 0.8435 0.5726666671875 0.84575 0.5683333328125 0.849 0.5563333328125 0.85125 0.542 0.859 0.526 0.8605 0.5143333328125 0.85375 0.3493333328125 0.85175 0.3456666671875 0.8135 0.3466666671875 0.8065 0.3473333328125 0.80275 0.3493333328125 0.8025 0.37066666718749997 0.79825 0.40766666718750005 0.79075 0.493 0.78975 0.5053333328125 0.79075 0.524 0.7967500000000001 0.5403333328125 0.8007500000000001 0.5616666671874999
0 0.8905 0.5723333328125 0.9119999999999999 0.5743333328125 0.91375 0.5700000000000001 0.9147500000000001 0.5566666671875 0.916 0.4893333328125 0.9145 0.4783333328125 0.91075 0.46966666718749994 0.9115 0.45466666718750004 0.908 0.4486666671875 0.8942500000000001 0.4486666671875 0.89025 0.45099999999999996 0.889 0.45866666718750004 0.89 0.47066666718750005 0.885 0.47800000000000004 0.8835000000000001 0.48200000000000004 0.8825 0.5 0.883 0.5116666671875 0.88125 0.568 0.8845000000000001 0.571 0.8905 0.5723333328125
0 0.0305 0.9996666671875 0.044 0.9996666671875 0.057999999999999996 0.9916666671875 0.061250000000000006 0.9866666671875001 0.0625 0.9823333328125001 0.06899999999999999 0.976 0.06999999999999999 0.97 0.072 0.967 0.077 0.9650000000000001 0.08375 0.96 0.088 0.9603333328125 0.09075 0.959 0.0945 0.9550000000000001 0.0935 0.884 0.09175 0.8390000000000001 0.09 0.8323333328125001 0.0915 0.818 0.08875 0.7833333328125 0.08399999999999999 0.7773333328125 0.07225000000000001 0.7723333328125 0.07075000000000001 0.767 0.0685 0.7636666671875 0.059750000000000004 0.7623333328124999 0.04875 0.7643333328125 0.04 0.7676666671875 0.03525 0.7713333328124999 0.033 0.7746666671875 0.03225 0.78 0.03 0.7849999999999999 0.02025 0.791 0.0155 0.7969999999999999 0.013500000000000002 0.8023333328125 0.0165 0.8576666671875 0.028000000000000004 0.978 0.028749999999999998 0.994 0.0305 0.9996666671875
1 0.0635 0.9996666671875 0.183 0.9996666671875 0.18375 0.9973333328124999 0.25625 0.967 0.25875 0.9623333328125 0.25775000000000003 0.9470000000000001 0.25825 0.9186666671875001 0.25675 0.9136666671875 0.25675 0.899 0.25575000000000003 0.897 0.25175000000000003 0.897 0.158 0.9343333328125001 0.152 0.9353333328125 0.13799999999999998 0.942 0.123 0.9466666671875 0.08 0.9646666671874999 0.07275000000000001 0.9686666671875 0.07125000000000001 0.9706666671875 0.07075000000000001 0.9763333328125 0.06425 0.9813333328124999 0.06225000000000001 0.9863333328125 0.0635 0.9906666671875 0.0615 0.994 0.0635 0.9976666671875 0.0635 0.9996666671875
0 0.26725 0.998 0.26725 0.9996666671875 0.313 0.9996666671875 0.31325 0.9976666671875 0.323 0.994 0.3285 0.9863333328125 0.32925 0.976 0.32925 0.9570000000000001 0.32799999999999996 0.9406666671874999 0.329 0.9313333328125 0.32625000000000004 0.861 0.324 0.8533333328125 0.32125 0.8496666671875 0.30474999999999997 0.8373333328125 0.3025 0.8216666671875 0.2955 0.8140000000000001 0.29474999999999996 0.8076666671874999 0.2985 0.8053333328125 0.3025 0.8066666671875 0.31025 0.8033333328125 0.31175 0.799 0.3105 0.7966666671875 0.29500000000000004 0.79 0.28625 0.7906666671875 0.27875 0.7966666671875 0.27749999999999997 0.7986666671875 0.27799999999999997 0.8023333328125 0.28450000000000003 0.8056666671875 0.28625 0.8096666671875001 0.28625 0.8150000000000001 0.28125 0.8220000000000001 0.27925 0.8286666671875 0.279 0.8409166671875001 0.27775 0.8446666671875 0.27475 0.8453333328125 0.27075 0.8483333328124999 0.26375000000000004 0.8556666671875 0.25925 0.8643333328124999 0.257 0.8733333328124999 0.25725 0.9356666671875 0.259 0.9666666671874999 0.26175000000000004 0.992 0.26725 0.998
1 0.355 0.9956666671875001 0.359 0.9996666671875 0.38825 0.9996666671875 0.39075000000000004 0.9973333328124999 0.41600000000000004 0.9966666671875 0.41725 0.994 0.418 0.9179999999999999 0.418 0.8533333328125 0.41675000000000006 0.8496666671875 0.40449999999999997 0.8476666671875 0.35724999999999996 0.8446666671875 0.35425 0.8516666671875001 0.35225 0.865 0.35150000000000003 0.8736666671875 0.35325 0.9259999999999999 0.35275 0.9380000000000001 0.355 0.9956666671875001
0 0.43574999999999997 0.9853333328125 0.45075000000000004 0.994 0.46125 0.9960000000000001 0.4665 0.9953333328125 0.47850000000000004 0.99 0.48624999999999996 0.9856666671875001 0.49000000000000005 0.9816666671875 0.49124999999999996 0.9783333328125 0.4915 0.9693333328125 0.495 0.951 0.495 0.9346666671875001 0.49725 0.9233333328125 0.49400000000000005 0.9073333328125001 0.49000000000000005 0.8953333328124999 0.48324999999999996 0.8493333328125001 0.47800000000000004 0.8346666671875 0.47800000000000004 0.8096666671875001 0.47525000000000006 0.7889999999999999 0.47474999999999995 0.774 0.47424999999999995 0.7713333328124999 0.47074999999999995 0.767 0.46299999999999997 0.7643333328125 0.45175 0.7663333328124999 0.44725000000000004 0.7693333328125 0.44525 0.7746666671875 0.43899999999999995 0.845 0.43550000000000005 0.8623333328125 0.43075 0.9033333328125 0.42625 0.931 0.42625 0.9496666671874999 0.42874999999999996 0.966 0.4325 0.982 0.43574999999999997 0.9853333328125
0 0.49725 0.8726666671875 0.49924999999999997 0.8746666671875 0.50275 0.8756666671875 0.5042500000000001 0.8833333328125 0.504 0.8963333328124999 0.50625 0.9076666671875 0.506 0.9199999999999999 0.509 0.9456666671875 0.511 0.9746666671875 0.5157499999999999 0.9823333328125001 0.52525 0.9853333328125 0.532 0.985 0.53925 0.9823333328125001 0.5429999999999999 0.978 0.54425 0.9716666671875 0.554 0.8006666671874999 0.554 0.795 0.55275 0.7906666671875 0.537 0.7863333328125 0.5215 0.7853333328125001 0.50925 0.7856666671875 0.4995 0.7903333328125 0.497 0.845 0.497 0.8536666671875001 0.49800000000000005 0.8566666671875 0.49675 0.869 0.49725 0.8726666671875
1 0.591 0.9810000000000001 0.6045 0.9813333328124999 0.61075 0.9833333328125 0.6247499999999999 0.9833333328125 0.6345 0.9853333328125 0.6677500000000001 0.9876666671875001 0.68875 0.9906666671875 0.70125 0.9913333328125 0.7035 0.9896666671875 0.70575 0.9826666671875 0.70625 0.9753333328125 0.70475 0.9633333328125 0.705 0.9533333328125 0.7065 0.9436666671875 0.706 0.9103333328125001 0.704 0.8896666671875 0.701 0.877 0.6995 0.875 0.69425 0.873 0.5915 0.8640000000000001 0.58925 0.866 0.58875 0.8720000000000001 0.587 0.877 0.58575 0.9043333328125 0.5872499999999999 0.9746666671875 0.58825 0.9796666671875001 0.591 0.9810000000000001
0 0.704 0.8786666671875001 0.70475 0.8880000000000001 0.7065 0.8923333328125 0.7072499999999999 0.9039999999999999 0.7085 0.9076666671875 0.71 0.9663333328125001 0.7135 0.974 0.7190000000000001 0.9789999999999999 0.73225 0.986 0.7485 0.9873333328125 0.7555 0.9856666671875001 0.76375 0.9783333328125 0.7657499999999999 0.9676666671874999 0.7707499999999999 0.8783333328125 0.77025 0.8706666671875001 0.77425 0.792 0.77325 0.7706666671875 0.772 0.7673333328124999 0.765 0.759 0.7595 0.7556666671875 0.75875 0.7476666671875 0.756 0.7436666671875 0.748 0.7396666671875 0.74075 0.738 0.7285 0.739 0.7230000000000001 0.744 0.7190000000000001 0.7516666671875 0.7122499999999999 0.7553333328125 0.7095 0.7596666671875 0.708 0.7673333328124999 0.70875 0.7713333328124999 0.70775 0.7733333328125 0.7055 0.8003333328125001 0.7035 0.8053333328125 0.7005 0.8063333328125 0.6995 0.8673333328125 0.70025 0.8726666671875 0.70225 0.8733333328124999 0.704 0.8786666671875001
1 0.7735000000000001 0.8803333328124999 0.7725 0.8886666671875 0.7737499999999999 0.8963333328124999 0.7765 0.9 0.7775000000000001 0.9046666671875 0.77425 0.908 0.77425 0.9119999999999999 0.7769999999999999 0.9196666671875 0.7847500000000001 0.9296666671875 0.79 0.9426666671874999 0.7935 0.9463333328125 0.79875 0.9570000000000001 0.8019999999999999 0.9603333328125 0.80525 0.968 0.8065 0.9746666671875 0.8130000000000001 0.9783333328125 0.82875 0.9773333328125 0.84175 0.9783333328125 0.9345000000000001 0.9756666671875 0.9407500000000001 0.9736666671875 0.9648749999999999 0.9716666671875 0.9720000000000001 0.9726666671875 0.976 0.9713333328125 0.9782500000000001 0.967 0.97875 0.96 0.98425 0.7486666671875 0.984 0.7283333328125 0.92875 0.6893333328125 0.91625 0.6813333328125 0.9125 0.6803333328125001 0.90825 0.6813333328125 0.9099999999999999 0.6836666671875 0.9095000000000001 0.6866666671874999 0.90825 0.6876666671875 0.9067500000000001 0.6946666671874999 0.9037499999999999 0.697 0.8632500000000001 0.6963333328125 0.84575 0.6976666671875 0.837 0.697 0.8285 0.6983333328125 0.8230000000000001 0.6963333328125 0.818 0.6963333328125 0.8140000000000001 0.6943333328125 0.8089999999999999 0.689 0.8019999999999999 0.6876666671875 0.779 0.6953333328125 0.7765 0.697 0.77525 0.701 0.7737499999999999 0.8456666671875 0.77175 0.873 0.773 0.8753333328125 0.7735000000000001 0.8803333328124999
1 0.75325 0.1946666671875 0.756 0.202 0.75575 0.2073333328125 0.754 0.2096666671875 0.75325 0.2166666671875 0.7542500000000001 0.22033333281249998 0.7515 0.2236666671875 0.7525000000000001 0.2276666671875 0.752 0.2323333328125 0.75475 0.236 0.75475 0.2383333328125 0.75275 0.24133333281249997 0.752 0.248 0.7542500000000001 0.25166666718749997 0.75975 0.2553333328125 0.794 0.25666666718750003 0.8422499999999999 0.25633333281250004 0.8455 0.2553333328125 0.85775 0.25633333281250004 0.9047499999999999 0.25466666718750003 0.99975 0.254 0.99975 0.11499999999999999 0.78675 0.1166666671875 0.77925 0.1203333328125 0.7617499999999999 0.1383333328125 0.7525000000000001 0.1503333328125 0.75175 0.1533333328125 0.754 0.173 0.75175 0.1766666671875 0.75175 0.1943333328125 0.75325 0.1946666671875
1 0.611 0.22233333281249998 0.60875 0.22433333281249998 0.60725 0.2323333328125 0.6105 0.2383333328125 0.61225 0.246 0.61675 0.2513333328125 0.637 0.2533333328125 0.72 0.255 0.744 0.255 0.74675 0.252 0.74775 0.2161666671875 0.751 0.1653333328125 0.7502500000000001 0.1553333328125 0.748 0.152 0.69875 0.1513333328125 0.683 0.1526666671875 0.632 0.147 0.62225 0.1503333328125 0.61375 0.16 0.60725 0.1643333328125 0.60575 0.16699999999999998 0.60875 0.2006666671875 0.60875 0.2166666671875 0.611 0.2186666671875 0.611 0.22233333281249998
1 0.59775 0.25166666718749997 0.60275 0.248 0.6014999999999999 0.233 0.60175 0.22233333281249998 0.5995 0.20400000000000001 0.59825 0.20099999999999998 0.5955 0.1993333328125 0.46125 0.1893333328125 0.45499999999999996 0.1896666671875 0.45199999999999996 0.193 0.44749999999999995 0.23900000000000002 0.44699999999999995 0.248 0.4485 0.2483333328125 0.484375 0.24666666718750002 0.59775 0.25166666718749997
1 0.3215 0 0.32075 0.005 0.32075 0.030666667187500003 0.322 0.10266666718749999 0.3225 0.2443333328125 0.32599999999999996 0.24700000000000003 0.41325 0.2476666671875 0.41500000000000004 0.24533333281249997 0.41550000000000004 0.2403333328125 0.414 0.15 0.41475 0.052000000000000005 0.41574999999999995 0.0283333328125 0.41500000000000004 0.0053333328125 0.41375 0 0.3215 0
1 0.0915 0.2343333328125 0.10024999999999999 0.2363333328125 0.13925 0.24 0.17775000000000002 0.24100000000000002 0.18125 0.24 0.18125 0.236 0.1825 0.23533333281250002 0.18675 0.2366666671875 0.1875 0.24 0.197 0.23933333281250002 0.19775 0.2236666671875 0.19575 0.215 0.197 0.2093333328125 0.19624999999999998 0.20566666718749999 0.1975 0.202 0.197 0.1776666671875 0.19575 0.17733333281250002 0.1935 0.172 0.18725 0.1643333328125 0.1855 0.1583333328125 0.18275 0.157 0.1775 0.15 0.050749999999999997 0.137 0.04525 0.1373333328125 0.04425 0.1386666671875 0.04475 0.2193333328125 0.045 0.229 0.04625 0.2323333328125 0.0915 0.2343333328125