1 0.248 0.449 0.2513333328125 0.44749999999999995 0.2553333328125 0.4245 0.254 0.41974999999999996 0.2363333328125 0.41675000000000006 0.1626666671875 0.40774999999999995 0.1603333328125 0.40875000000000006 0.1583333328125 0.41174999999999995 0.1516666671875 0.43899999999999995 0.1533333328125 0.442 0.2236666671875 0.44800000000000006 0.248 0.449
1 0.36633333281249997 0.4535 0.371 0.45499999999999996 0.42366666718749996 0.4575 0.4256666671875 0.45499999999999996 0.42699999999999994 0.43375 0.42766666718749996 0.38475000000000004 0.4256666671875 0.38125 0.4206666671875 0.37975 0.3633333328125 0.3765 0.3613333328125 0.37725 0.3596666671875 0.38075000000000003 0.3573333328125 0.40449999999999997 0.3556666671875 0.44925 0.3566666671875 0.4545 0.359 0.45499999999999996 0.36633333281249997 0.4535
1 0.47366666718749995 0.462 0.5599999999999999 0.46675000000000005 0.5626666671875 0.46624999999999994 0.5636666671875 0.46325000000000005 0.561 0.45075000000000004 0.5566666671875 0.44825 0.49000000000000005 0.44225000000000003 0.47766666718749995 0.44225000000000003 0.4613333328125 0.4405 0.4566666671875 0.441 0.454 0.44325000000000003 0.44966666718750004 0.4545 0.4486666671875 0.45899999999999996 0.45133333281250004 0.45999999999999996 0.46733333281249995 0.46075 0.47366666718749995 0.462
1 0.5756666671875 0.46775 0.5906666671874999 0.46699999999999997 0.6086666671875001 0.46749999999999997 0.6296666671875 0.46975 0.6442776671875 0.47000000000000003 0.6563333328125001 0.472 0.6626666671875 0.472 0.6653333328125 0.47074999999999995 0.6643333328125001 0.46299999999999997 0.6653333328125 0.45475000000000004 0.6616666671875 0.4425 0.6466666671875 0.44025 0.6053333328125 0.4385 0.589 0.43525 0.5793333328125 0.43475 0.5756666671875 0.43550000000000005 0.572 0.43825000000000003 0.5696666671874999 0.44225000000000003 0.5626666671875 0.44925 0.5616666671874999 0.45175 0.5650000000000001 0.46399999999999997 0.5686666671875 0.46699999999999997 0.5756666671875 0.46775
1 0.6813333328125 0.47350000000000003 0.6936666671875 0.47325 0.6990000000000001 0.47450000000000003 0.732 0.476 0.8400000000000001 0.4795 0.85 0.479 0.8526666671875001 0.47725 0.8536666671875001 0.47450000000000003 0.8486666671875 0.45125000000000004 0.8506666671875 0.44875 0.8523333328125 0.44299999999999995 0.8493333328125001 0.43600000000000005 0.845 0.43099999999999994 0.6833333328125 0.42474999999999996 0.6813333328125 0.425 0.6769999999999999 0.42925 0.6726666671875 0.44699999999999995 0.671 0.44975 0.666 0.45275 0.6656666671875 0.46399999999999997 0.6676666671875 0.46925 0.6703333328125 0.471 0.6813333328125 0.47350000000000003
1 0.1306666671875 0.58975 0.151 0.589 0.1586666671875 0.5900000000000001 0.1623333328125 0.58975 0.1676666671875 0.58775 0.1666666671875 0.58141675 0.173 0.576 0.17333333281250002 0.564 0.176 0.55625 0.176 0.541 0.173 0.52925 0.16999999999999998 0.528 0.1176666671875 0.5265 0.1153333328125 0.529 0.10700000000000001 0.56525 0.10600000000000001 0.58025 0.10366666718749999 0.58375 0.10833333281249999 0.5865 0.1306666671875 0.58975
1 0.41566666718749995 0.5995 0.42699999999999994 0.5985 0.429 0.59275 0.43 0.58 0.42833333281249997 0.5780000000000001 0.4263333328125 0.5775 0.38 0.576 0.3763333328125 0.5785 0.3713333328125 0.591 0.37066666718749997 0.5955 0.373 0.5972500000000001 0.37666666718749997 0.59775 0.41566666718749995 0.5995
1 0.4803333328125 0.59375 0.47800000000000004 0.55975 0.4733333328125 0.55775 0.45499999999999996 0.5575 0.4516666671875 0.55975 0.4503333328125 0.56325 0.45133333281250004 0.597 0.45499999999999996 0.59925 0.47933333281249996 0.5995 0.4803333328125 0.59375
1 0.49733333281250003 0.6005 0.5336666671875 0.601 0.5519999999999999 0.60325 0.6233333328125 0.6035 0.626 0.60175 0.6266666671875 0.5985 0.6246666671875001 0.579 0.6216666671875 0.5605 0.6193333328125 0.5565 0.5996666671875001 0.55525 0.5796666671875 0.5555 0.5733333328125 0.55425 0.534 0.5545 0.5183333328125 0.5525 0.5043333328124999 0.55225 0.4926666671875 0.5525 0.4903333328125 0.55525 0.49233333281249997 0.57075 0.491 0.58 0.49233333281249997 0.5995 0.49733333281250003 0.6005
1 0.7133333328125 0.606 0.7156666671874999 0.6035 0.7106666671874999 0.57525 0.7093333328125 0.572 0.7056666671875 0.57075 0.6383333328125 0.571 0.6323333328125 0.576 0.627 0.58375 0.6276666671875 0.59925 0.6306666671875 0.60375 0.7053333328125 0.605 0.7133333328125 0.606
1 0.7496666671875001 0.78025 0.7543333328124999 0.791 0.7623333328124999 0.79225 0.826 0.79125 0.833 0.7895 0.8696666671875001 0.78925 0.873 0.79 0.8796666671875 0.7889999999999999 0.9013333328125 0.78925 0.9116666671875 0.788 0.924 0.78825 0.9259999999999999 0.787 0.9256666671874999 0.779 0.9193333328125 0.76075 0.9106666671875001 0.72875 0.908 0.72375 0.8963333328124999 0.6815 0.8886666671875 0.662 0.8786666671875001 0.6597500000000001 0.8763333328125 0.658 0.8640000000000001 0.65625 0.8560000000000001 0.65775 0.842 0.6625 0.8313333328124999 0.66325 0.767 0.663 0.7553333328125 0.66475 0.7316666671875 0.67425 0.73 0.67775 0.7313333328125 0.68025 0.7446666671875 0.756 0.7496666671875001 0.78025
1 0.373 0.79825 0.3806666671875 0.79825 0.43 0.7965 0.43200000000000005 0.795 0.43166666718749996 0.72375 0.42766666718749996 0.7222500000000001 0.40433333281249995 0.7205 0.3763333328125 0.7205 0.37333333281250003 0.7222500000000001 0.372 0.7275 0.3723333328125 0.76025 0.37033333281249997 0.7935 0.3713333328125 0.79725 0.373 0.79825
1 0.593 0.7965 0.6506666671875 0.79625 0.6906666671874999 0.79475 0.6936666671875 0.79325 0.6946666671874999 0.7905 0.692 0.7805 0.6873333328125 0.74375 0.6853333328125 0.74 0.6013333328125 0.74025 0.5876666671875 0.74075 0.5823333328125 0.74325 0.5856666671874999 0.784861 0.5853333328125 0.79475 0.587 0.79575 0.593 0.7965
1 0.1183333328125 0.80425 0.16999999999999998 0.80425 0.18 0.80325 0.2166666671875 0.8039999999999999 0.2213333328125 0.80275 0.2716666671875 0.8012499999999999 0.2803333328125 0.79875 0.279 0.79225 0.2803333328125 0.775 0.2783333328125 0.7715 0.2756666671875 0.77 0.17099999999999999 0.76825 0.119 0.76625 0.11399999999999999 0.767 0.10133333281250001 0.77175 0.0996666671875 0.77525 0.10033333281250001 0.77975 0.0976666671875 0.783 0.0963333328125 0.79325 0.096 0.79875 0.1 0.8025 0.10333333281249998 0.8035 0.1183333328125 0.80425
0 0.3416666671875 0.79775 0.3453333328125 0.796 0.3476666671875 0.7285 0.3433333328125 0.72 0.3376666671875 0.7175 0.3333333328125 0.71775 0.329 0.7155 0.32799999999999996 0.70425 0.322 0.6955 0.322 0.693 0.3233333328125 0.6917500000000001 0.3353333328125 0.68825 0.3376666671875 0.6865 0.3373333328125 0.68525 0.3136666671875 0.68475 0.3066666671875 0.68925 0.31066666718749997 0.6905 0.3003333328125 0.71725 0.29 0.7205 0.2843333328125 0.72825 0.2816666671875 0.763 0.27999999999999997 0.79475 0.28300000000000003 0.799 0.33399999999999996 0.7985 0.3416666671875 0.79775
0 0.511 0.763 0.5143333328125 0.77125 0.515 0.795 0.5173333328124999 0.7967500000000001 0.545 0.79625 0.5473333328125001 0.795 0.5496666671875 0.7224999999999999 0.5493333328125 0.6952499999999999 0.5486666671875 0.69375 0.546 0.69325 0.5173333328124999 0.6935 0.5036666671875001 0.6945 0.5016666671875 0.6952499999999999 0.5013333328125 0.6965 0.5013333328125 0.7045 0.5063333328125 0.72975 0.5083333328124999 0.74875 0.511 0.763
0 0.449 0.79725 0.4943333328125 0.7965 0.499 0.7945 0.503 0.78 0.5023333328125 0.7617499999999999 0.49000000000000005 0.7230000000000001 0.485 0.7152499999999999 0.481 0.6815 0.4783333328125 0.67875 0.475 0.67775 0.45933333281250005 0.67875 0.4556666671875 0.6815 0.4526666671875 0.6992499999999999 0.4523333328125 0.71425 0.4476666671875 0.72475 0.4376666671875 0.76725 0.438 0.7837500000000001 0.44166666718750003 0.794 0.4436666671875 0.7965 0.449 0.79725
0 0.693 0.78075 0.696 0.791 0.6976666671875 0.7927500000000001 0.7030000000000001 0.7945 0.7206666671875 0.7945 0.744 0.7929999999999999 0.7486666671875 0.79075 0.7486666671875 0.786 0.7376666671875001 0.7212500000000001 0.733 0.68525 0.7283333328125 0.6797500000000001 0.7203333328125 0.6785 0.7163333328125 0.673 0.701 0.6725 0.6913333328125 0.674 0.687 0.6809999999999999 0.6783333328125 0.68525 0.6783333328125 0.69025 0.693 0.78075
0 0.0853333328125 0.80425 0.0886666671875 0.8009999999999999 0.0933333328125 0.7995 0.0966666671875 0.7969999999999999 0.0983333328125 0.7865 0.1 0.78325 0.0993333328125 0.779 0.10133333281250001 0.7755 0.10633333281249999 0.771 0.11000000000000001 0.7695000000000001 0.1116666671875 0.76675 0.1153333328125 0.765 0.119 0.7474999999999999 0.1196666671875 0.73375 0.1263333328125 0.708 0.13 0.6845 0.12833333281249998 0.68125 0.1186666671875 0.6769999999999999 0.1146666671875 0.66975 0.10733333281249999 0.66875 0.0876666671875 0.66975 0.0666666671875 0.6815 0.056333332812500005 0.7304999999999999 0.052000000000000005 0.7705 0.047333332812500004 0.7935 0.0466666671875 0.80325 0.048333332812500004 0.80475 0.08199999999999999 0.805 0.0853333328125 0.80425
0 0.28700000000000003 0.5940000000000001 0.29100000000000004 0.5934999999999999 0.29500000000000004 0.5900000000000001 0.2963333328125 0.58125 0.296 0.56775 0.2946666671875 0.5575 0.29133333281249996 0.54775 0.29333333281249996 0.529 0.2923333328125 0.525 0.2876666671875 0.5195000000000001 0.2866666671875 0.5095 0.284 0.506 0.279 0.5035000000000001 0.2673333328125 0.50325 0.2613333328125 0.50575 0.2593333328125 0.50825 0.25433333281250003 0.52 0.25 0.525 0.248 0.5305 0.24666666718750002 0.5429999999999999 0.23900000000000002 0.56425 0.2366666671875 0.575 0.2366666671875 0.58775 0.238 0.5915 0.24 0.5925 0.28700000000000003 0.5940000000000001
0 0.7303333328125 0.6035 0.7333333328125 0.6052500000000001 0.7356666671875 0.606 0.7673333328124999 0.6065 0.7703333328124999 0.60275 0.7706666671875 0.595 0.7736666671875 0.58825 0.7736666671875 0.5825 0.77 0.5755 0.7673333328124999 0.56375 0.7513333328125 0.517 0.7476666671875 0.5145 0.739 0.514 0.7243333328125 0.515 0.717 0.51725 0.716 0.5185 0.7146666671874999 0.52175 0.7196666671874999 0.584 0.722 0.5915 0.7303333328125 0.6035
0 0.798 0.60725 0.818 0.6075 0.82 0.6035 0.8113333328125 0.572 0.806 0.564 0.8033333328125 0.5565 0.7986666671875 0.55175 0.7886666671875 0.5565 0.7876666671875 0.56025 0.7886666671875 0.5685 0.7873333328125 0.5730000000000001 0.7943333328125 0.60575 0.798 0.60725
0 0.315 0.45325 0.3186666671875 0.45125000000000004 0.3193333328125 0.44175000000000003 0.317 0.41375 0.31466666718749997 0.39925 0.31266666718749997 0.39625 0.302 0.39375 0.29500000000000004 0.39475 0.2926666671875 0.39649999999999996 0.29 0.40675 0.28700000000000003 0.41224999999999995 0.2836666671875 0.42874999999999996 0.279 0.442 0.2786666671875 0.44725000000000004 0.27999999999999997 0.45099999999999996 0.313 0.45325 0.315 0.45325