1 0.26125 0.369 0.31575000000000003 0.369 0.318 0.36666666718749996 0.31875 0.3636666671875 0.32025000000000003 0.32599999999999996 0.32 0.2986666671875 0.32125 0.29500000000000004 0.322 0.2763333328125 0.321 0.2676666671875 0.316 0.2653333328125 0.17575000000000002 0.2506666671875 0.16999999999999998 0.251 0.16799999999999998 0.2616666671875 0.16599999999999998 0.3136666671875 0.1655 0.3583333328125 0.16799999999999998 0.361 0.21200000000000002 0.3656666671875 0.26125 0.369
1 0.57875 0.37533333281250003 0.585 0.37333333281250003 0.58575 0.2823333328125 0.58475 0.248 0.5860000000000001 0.1213333328125 0.58475 0.10366666718749999 0.584 0.10266666718749999 0.57225 0.10166666718749999 0.4915 0.0993333328125 0.48550000000000004 0.0993333328125 0.48224999999999996 0.10166666718749999 0.47925000000000006 0.10800000000000001 0.47850000000000004 0.1196666671875 0.47725 0.2456666671875 0.47725 0.373 0.48525 0.375 0.56325 0.3756666671875 0.57875 0.37533333281250003
1 0.69775 0.37933333281250003 0.7110000000000001 0.38166666718750003 0.71675 0.38166666718750003 0.72 0.38 0.73075 0.3803333328125 0.736 0.382 0.7877500000000001 0.3823333328125 0.7995 0.381 0.80375 0.378 0.8055 0.37266666718749997 0.80325 0.3466666671875 0.799 0.322 0.79525 0.3193333328125 0.7795 0.3153333328125 0.7175357499999999 0.31266666718749997 0.64775 0.3076666671875 0.63575 0.3083333328125 0.63175 0.31033333281250003 0.623 0.321 0.60725 0.3416666671875 0.606 0.3453333328125 0.6052500000000001 0.373 0.60675 0.3756666671875 0.61375 0.37733333281250003 0.69775 0.37933333281250003
1 0.787 0.3153333328125 0.7915 0.318 0.79475 0.3183333328125 0.8 0.3223333328125 0.8022500000000001 0.32999999999999996 0.80275 0.3383333328125 0.80475 0.3456666671875 0.8074999999999999 0.37666666718749997 0.80975 0.379 0.9535 0.38366666718750003 0.9574999999999999 0.38333333281250004 0.96 0.381 0.9592499999999999 0.368 0.961 0.3416666671875 0.9625 0.2813333328125 0.9615 0.273 0.959 0.27 0.9324999999999999 0.2656666671875 0.90725 0.2653333328125 0.88458325 0.2673333328125 0.8622500000000001 0.2636666671875 0.83125 0.2616666671875 0.8147500000000001 0.2663333328125 0.8074999999999999 0.2713333328125 0.783 0.2813333328125 0.7805 0.28300000000000003 0.77975 0.2853333328125 0.77975 0.29100000000000004 0.78175 0.29700000000000004 0.783 0.3116666671875 0.787 0.3153333328125
1 0.9435 0.2636666671875 0.95075 0.2673333328125 0.9595 0.269 0.9615 0.271 0.9625 0.275 0.9635 0.2923333328125 0.962 0.3096666671875 0.962 0.33799999999999997 0.9605 0.3456666671875 0.96125 0.3503333328125 0.9652499999999999 0.3553333328125 0.9644999999999999 0.3573333328125 0.969 0.3583333328125 0.97525 0.3576666671875 0.9785 0.359 0.9962500000000001 0.3536666671875 0.99975 0.355 0.99975 0.23333333281250002 0.994 0.2336666671875 0.983 0.24133333281249997 0.97425 0.2436666671875 0.96775 0.2506666671875 0.959 0.252 0.9535 0.25433333281250003 0.9502499999999999 0.2573333328125 0.9470000000000001 0.255 0.94625 0.26 0.9432499999999999 0.2633333328125 0.93925 0.2633333328125 0.9435 0.2636666671875
1 0.12425 0.7676666671875 0.1265 0.7733333328125 0.12725 0.7736666671875 0.1285 0.7706666671875 0.13174999999999998 0.7743333328124999 0.13174999999999998 0.779 0.13274999999999998 0.78 0.1355 0.7806666671875 0.1385 0.779 0.14225000000000002 0.7823333328125 0.21275 0.7806666671875 0.21800000000000003 0.7793333328125 0.22225 0.774 0.225 0.773 0.23575 0.7636666671875 0.23825 0.756 0.2395 0.7253333328125 0.24125000000000002 0.6166666671875001 0.24125000000000002 0.5986666671875 0.24025 0.5923333328125 0.22675 0.5906666671874999 0.14925 0.5933333328125 0.14275 0.5946666671874999 0.1405 0.5986666671875 0.13974999999999999 0.6036666671875001 0.13925 0.6519999999999999 0.13725 0.7103333328125 0.12575 0.7666666671875 0.12425 0.7676666671875
1 0.51875 0.7696666671875 0.5245 0.772 0.56525 0.7703333328124999 0.58375 0.7683333328125 0.58775 0.7653333328125 0.58925 0.76 0.59225 0.7326666671875001 0.5925 0.7156666671874999 0.5915 0.705 0.5835 0.697 0.57625 0.6916666671875 0.5730000000000001 0.6906666671874999 0.50975 0.6923333328125 0.5085 0.6933333328125 0.508 0.6966666671875 0.508 0.7166666671875 0.51 0.728 0.50975 0.748 0.51875 0.7696666671875
1 0.62675 0.766 0.64675 0.7666666671875 0.662 0.7646666671875 0.6625 0.7030000000000001 0.6615 0.642 0.65825 0.637 0.6545 0.6346666671875 0.6505 0.634 0.6212500000000001 0.6346666671875 0.619 0.6356666671875 0.61775 0.639 0.619 0.735 0.62025 0.7563333328125 0.6235 0.7633333328125 0.62675 0.766
1 0.66525 0.725 0.6665 0.728 0.6665 0.7406666671875 0.6679999999999999 0.7476666671875 0.6759999999999999 0.7556666671875 0.68125 0.758 0.70125 0.758 0.70475 0.7563333328125 0.75125 0.756 0.7635 0.757 0.79875 0.7536666671875001 0.8025 0.7523333328125 0.865 0.752 0.8699999999999999 0.7483333328125 0.8699999999999999 0.688 0.868 0.6033333328125 0.865 0.6003333328125 0.85075 0.5986666671875 0.8295 0.5986666671875 0.81925 0.6 0.8005000000000001 0.5993333328125 0.77175 0.6013333328125 0.6769999999999999 0.602 0.6677500000000001 0.6033333328125 0.6665 0.6133333328125 0.6665 0.705 0.6655 0.7076666671875 0.66625 0.7143333328125 0.66525 0.725
1 0.8727499999999999 0.7493333328125 0.8765000000000001 0.7483333328125 0.8855000000000001 0.7513333328125 0.8915 0.7576666671875001 0.89625 0.7593333328125 0.90025 0.7633333328125 0.9027499999999999 0.7636666671875 0.979125 0.7646666671875 0.99 0.7663333328124999 0.99975 0.766 0.99975 0.6559999999999999 0.98225 0.6496666671875 0.9692500000000001 0.6476666671875 0.958 0.6443333328125 0.9167500000000001 0.645 0.873 0.6416666671875 0.8714999999999999 0.6426666671875 0.86975 0.658 0.86975 0.6706666671875 0.8714999999999999 0.7413333328125 0.8727499999999999 0.7493333328125
0 0.36025 0.3376666671875 0.3625 0.3693333328125 0.365 0.371 0.376 0.3716666671875 0.40975 0.372 0.41600000000000004 0.372 0.41974999999999996 0.3693333328125 0.42225 0.3416666671875 0.4225 0.32599999999999996 0.41900000000000004 0.2656666671875 0.41600000000000004 0.2286666671875 0.41275000000000006 0.213 0.41224999999999995 0.1823333328125 0.41200000000000003 0.1806666671875 0.40800000000000003 0.17633333281250002 0.40049999999999997 0.173 0.3845 0.17233333281250002 0.37625000000000003 0.1756666671875 0.373 0.1813333328125 0.37324999999999997 0.2013333328125 0.372 0.21000000000000002 0.3685 0.2226666671875 0.364 0.2836666671875 0.361 0.2916666671875 0.35924999999999996 0.302 0.35750000000000004 0.3066666671875 0.358 0.3226666671875 0.35924999999999996 0.3273333328125 0.36124999999999996 0.32999999999999996 0.36025 0.3376666671875
0 0.33825 0.7696666671875 0.34375 0.772 0.3625 0.7726666671875 0.37675000000000003 0.7713333328124999 0.38849999999999996 0.766 0.391 0.7633333328125 0.40025000000000005 0.7433333328125 0.4035 0.7286666671875001 0.40475000000000005 0.7126666671875 0.4035 0.6773333328125 0.40025000000000005 0.6523333328125 0.394 0.6216666671875 0.394 0.6046666671875001 0.396 0.5826666671875 0.396 0.5706666671875 0.39475 0.5603333328125 0.39225 0.5523333328125 0.38525 0.541 0.38325 0.5133333328125 0.38125 0.506 0.3785 0.5016666671875 0.373 0.49800000000000005 0.35724999999999996 0.49733333281250003 0.34975 0.5006666671875 0.34550000000000003 0.5056666671875 0.34175 0.5173333328124999 0.34049999999999997 0.5429999999999999 0.337 0.5476666671875 0.333 0.5566666671875 0.32925 0.5736666671874999 0.32875 0.5940000000000001 0.322 0.6853333328125 0.322 0.7323333328125 0.32725 0.7546666671875 0.33399999999999996 0.766 0.33825 0.7696666671875
0 0.99975 0.9623333328125 0.9824999999999999 0.9596666671875 0.9717499999999999 0.9616666671875 0.9695 0.9636666671875 0.9675 0.968 0.9582499999999999 0.9753333328125 0.95225 0.9783333328125 0.9477499999999999 0.9846666671875001 0.9460000000000001 0.99 0.94575 0.9946666671875001 0.94725 0.9996666671875 0.99975 0.9996666671875 0.99975 0.9623333328125