1 0.2015 0.2213333328125 0.21200000000000002 0.22400000000000003 0.2785 0.2316666671875 0.307 0.2326666671875 0.31225 0.23133333281250001 0.313 0.22833333281249998 0.3125 0.1616666671875 0.312 0.157 0.3105 0.1543333328125 0.24175 0.1423333328125 0.22949999999999998 0.142 0.21075 0.1386666671875 0.20125 0.1383333328125 0.199 0.141 0.19824999999999998 0.146 0.198 0.1933333328125 0.199 0.1963333328125 0.20049999999999998 0.22000000000000003 0.2015 0.2213333328125
1 0.49800000000000005 0.2436666671875 0.5005 0.2403333328125 0.5 0.2066666671875 0.50125 0.1786666671875 0.50125 0.0506666671875 0.5 0.041999999999999996 0.49775 0.0403333328125 0.42774999999999996 0.0336666671875 0.42374999999999996 0.039 0.41974999999999996 0.0486666671875 0.418 0.056999999999999995 0.42024999999999996 0.236 0.42824999999999996 0.24 0.44225000000000003 0.2416666671875 0.49800000000000005 0.2436666671875
1 0.6367499999999999 0.25166666718749997 0.6415 0.251 0.6465 0.2483333328125 0.643 0.21233333281250003 0.63875 0.2076666671875 0.6345 0.20600000000000002 0.59275 0.2026666671875 0.5589999999999999 0.1973333328125 0.5365 0.1966666671875 0.5335 0.1983333328125 0.52675 0.2076666671875 0.5245 0.20866666718750002 0.523 0.2126666671875 0.52325 0.217 0.522 0.219 0.51625 0.2226666671875 0.515 0.2196666671875 0.5135 0.2193333328125 0.5125 0.221 0.51125 0.2403333328125 0.5135 0.24333333281249997 0.56825 0.248 0.6367499999999999 0.25166666718749997
1 0.6395 0.20833333281250002 0.64325 0.2126666671875 0.646 0.2286666671875 0.6475 0.2483333328125 0.649 0.25033333281250003 0.66175 0.25233333281250003 0.7355 0.256 0.74075 0.25433333281250003 0.74275 0.2363333328125 0.745 0.1936666671875 0.744 0.179 0.733 0.17533333281250002 0.6945 0.17433333281250002 0.66475 0.16899999999999998 0.654 0.17133333281250002 0.6327499999999999 0.18 0.63075 0.1813333328125 0.6325000000000001 0.20233333281250002 0.6345 0.2066666671875 0.6395 0.20833333281250002
1 0.7585 0.17333333281250002 0.748 0.1686666671875 0.7455 0.16999999999999998 0.7445 0.172 0.737 0.17366666718749998 0.73975 0.1756666671875 0.74425 0.17433333281250002 0.7462500000000001 0.182 0.7464999999999999 0.19 0.745 0.197 0.745 0.217 0.74325 0.2276666671875 0.7434999999999999 0.23700000000000002 0.742 0.24700000000000003 0.742 0.25166666718749997 0.74375 0.2556666671875 0.892 0.2596666671875 0.92175 0.2596666671875 0.9275 0.25866666718750003 0.9285 0.25666666718750003 0.93125 0.1983333328125 0.93225 0.1953333328125 0.9390000000000001 0.193 0.94025 0.1893333328125 0.9400000000000001 0.1656666671875 0.93825 0.162 0.77925 0.1523333328125 0.771 0.154 0.76425 0.158 0.76125 0.162 0.7605000000000001 0.16999999999999998 0.7585 0.17333333281250002
1 0.187 0.529 0.1895 0.5306666671875 0.248 0.5276666671875 0.25 0.525 0.25125000000000003 0.513 0.24975 0.47400000000000003 0.24775 0.45133333281250004 0.24900000000000003 0.4313333328125 0.248 0.40433333281249995 0.24700000000000003 0.40033333281249994 0.244 0.398 0.21675 0.3976666671875 0.18925 0.3983333328125 0.185 0.4 0.1845 0.4106666671875 0.18675 0.465 0.18625 0.5256666671875 0.187 0.529
1 0.45 0.5136666671875 0.46075 0.5173333328124999 0.47450000000000003 0.5176666671875 0.501 0.5143333328125 0.503 0.513 0.5042500000000001 0.5096666671875 0.50575 0.5016666671875 0.50675 0.4863333328125 0.50625 0.4756666671875 0.50475 0.4723333328125 0.49874999999999997 0.47000000000000003 0.4845 0.4693333328125 0.45599999999999996 0.46966666718749994 0.44675000000000004 0.47066666718750005 0.445 0.4726666671875 0.4445 0.4806666671875 0.44625000000000004 0.4916666671875 0.44625000000000004 0.5096666671875 0.45 0.5136666671875
1 0.5509999999999999 0.509 0.55125 0.43 0.549 0.42699999999999994 0.53275 0.4266666671875 0.5245 0.4273333328125 0.521 0.4303333328125 0.52175 0.5056666671875 0.525 0.5116666671875 0.54875 0.5116666671875 0.5509999999999999 0.509
1 0.5645 0.509 0.59525 0.5063333328125 0.62175 0.506 0.6335 0.5026666671875 0.6395 0.5036666671875001 0.67775 0.501 0.6809999999999999 0.49800000000000005 0.6809999999999999 0.40366666718750005 0.6765 0.4026666671875 0.55625 0.40700000000000003 0.5545 0.409 0.5547500000000001 0.42366666718749996 0.5535 0.434 0.553 0.49866666718749997 0.5535 0.5053333328125 0.5545 0.5063333328125 0.5645 0.509
1 0.683 0.49866666718749997 0.69225 0.5016666671875 0.70075 0.5026666671875 0.7565000000000001 0.5016666671875 0.761 0.501 0.763 0.499 0.7655000000000001 0.4676666671875 0.7645 0.44266666718750003 0.76325 0.43833333281250003 0.75975 0.4363333328125 0.74725 0.4346666671875 0.7055 0.43600000000000005 0.6855 0.43833333281250003 0.68225 0.44299999999999995 0.6832499999999999 0.461 0.682 0.491 0.68225 0.49800000000000005 0.683 0.49866666718749997
1 0.63625 0.8043333328125 0.6375 0.8106666671875 0.6415 0.8123333328125 0.6587500000000001 0.8123333328125 0.66875 0.8106666671875 0.6905 0.8109999999999999 0.696 0.8103333328125 0.6990000000000001 0.8083333328125001 0.71725 0.8083333328125001 0.7205 0.8066666671875 0.7230000000000001 0.7793333328125 0.72375 0.74 0.7235 0.7363333328125 0.7190000000000001 0.7296666671875001 0.717 0.7243333328125 0.7125 0.7226666671875 0.63475 0.7263333328125 0.632 0.729 0.63125 0.7383333328125 0.63225 0.7946666671875 0.6345 0.8029999999999999 0.63625 0.8043333328125
1 0.2305 0.9016666671875001 0.233 0.9036666671875 0.2395 0.9 0.24775 0.907 0.25325000000000003 0.9076666671875 0.38375 0.8343333328125 0.3865 0.8313333328124999 0.38775 0.8263333328125 0.3855 0.7783333328125 0.38425 0.7763333328125 0.3765 0.7793333328125 0.32225000000000004 0.8053333328125 0.24700000000000003 0.8436666671875 0.24075000000000002 0.849 0.23925000000000002 0.8560000000000001 0.233 0.8616666671875001 0.2305 0.8683333328125 0.231 0.8720000000000001 0.22875 0.8763333328125 0.22925 0.8966666671875 0.2305 0.9016666671875001
1 0.46449999999999997 0.8380000000000001 0.466 0.8456666671875 0.46849999999999997 0.8476666671875 0.47450000000000003 0.8480000000000001 0.5135 0.841 0.515 0.8353333328125 0.5165 0.7516666671875 0.5157499999999999 0.7393333328125 0.51325 0.7286666671875001 0.50975 0.725 0.507 0.7246666671875001 0.46624999999999994 0.7256666671875001 0.46275000000000005 0.7266666671875 0.46175 0.7283333328125 0.4605 0.7366666671875 0.46075 0.7856666671875 0.462 0.8033333328125 0.46224999999999994 0.8336666671874999 0.46449999999999997 0.8380000000000001
0 0.18825 0.8243333328125001 0.188 0.8336666671874999 0.19175 0.8619999999999999 0.193 0.8883333328124999 0.19724999999999998 0.8953333328124999 0.20074999999999998 0.8973333328124999 0.213 0.8993333328125 0.2285 0.8960000000000001 0.22999999999999998 0.9003333328125 0.233 0.9026666671875001 0.23650000000000002 0.8996666671875 0.23475000000000001 0.8963333328124999 0.23450000000000001 0.891 0.23325 0.8883333328124999 0.23224999999999998 0.8789999999999999 0.233 0.8686666671875001 0.23174999999999998 0.8676666671875 0.231 0.8640000000000001 0.23224999999999998 0.8616666671875001 0.23900000000000002 0.8576666671875 0.24125000000000002 0.8533333328125 0.2405 0.8503333328125 0.24525000000000002 0.842 0.2445 0.766 0.24275000000000002 0.7036666671875 0.24175 0.6976666671875 0.23975 0.6936666671875 0.22925 0.6886666671875 0.22749999999999998 0.6816666671875 0.22425 0.6786666671875 0.21175000000000002 0.6783333328125 0.20125 0.6813333328125 0.197 0.6843333328125001 0.19475 0.6893333328125 0.19475 0.6933333328125 0.1935 0.696 0.18875 0.6980000000000001 0.18475 0.702 0.18225 0.7076666671875 0.182 0.7173333328125 0.18475 0.7506666671875 0.18575 0.8026666671875 0.18825 0.8243333328125001
0 0.32175 0.5073333328125 0.32599999999999996 0.517 0.3325 0.5213333328124999 0.352 0.522 0.365 0.5196666671875 0.37075 0.5136666671875 0.37475 0.502 0.3745 0.497 0.37625000000000003 0.48266666718750006 0.376 0.47300000000000003 0.37374999999999997 0.44733333281250004 0.3675 0.422 0.36675 0.4063333328125 0.36775 0.3876666671875 0.367 0.377 0.365 0.36866666718749996 0.35875 0.3613333328125 0.35750000000000004 0.341 0.35475 0.33366666718750004 0.34975 0.32966666718750004 0.33999999999999997 0.3293333328125 0.33399999999999996 0.331 0.32999999999999996 0.3353333328125 0.32799999999999996 0.34500000000000003 0.32775 0.36 0.32175 0.3723333328125 0.3205 0.3806666671875 0.322 0.4096666671875 0.3185 0.45099999999999996 0.318 0.483 0.32175 0.5073333328125
0 0.34550000000000003 0.2343333328125 0.3505 0.23500000000000001 0.3825 0.236 0.3845 0.233 0.3865 0.199 0.38075000000000003 0.1336666671875 0.37925 0.1226666671875 0.37625000000000003 0.11133333281249999 0.376 0.0916666671875 0.373 0.0876666671875 0.36425 0.0853333328125 0.35625 0.0853333328125 0.34950000000000003 0.0876666671875 0.34825 0.0916666671875 0.34825 0.1126666671875 0.34550000000000003 0.119 0.34475 0.1243333328125 0.34375 0.1616666671875 0.33999999999999997 0.1846666671875 0.34325 0.23199999999999998 0.34550000000000003 0.2343333328125
0 0.7725 0.48200000000000004 0.7745 0.4893333328125 0.77825 0.496 0.7805 0.497 0.8022500000000001 0.4966666671875 0.806 0.49366666718749996 0.8089999999999999 0.4853333328125 0.8125 0.46900000000000003 0.8182499999999999 0.4556666671875 0.819 0.449 0.81325 0.33999999999999997 0.81425 0.32599999999999996 0.81075 0.324 0.77925 0.325 0.77725 0.32599999999999996 0.77525 0.32966666718750004 0.7657499999999999 0.43833333281250003 0.7665 0.45866666718750004 0.77125 0.471 0.7725 0.48200000000000004
0 0.8494999999999999 0.4943333328125 0.85125 0.4933333328125 0.85725 0.4863333328125 0.8552500000000001 0.4853333328125 0.8539999999999999 0.4773333328125 0.85625 0.4256666671875 0.853 0.41600000000000004 0.85275 0.40366666718750005 0.85075 0.4006666671875 0.83725 0.40033333281249994 0.83575 0.4016666671875 0.835 0.40366666718750005 0.83475 0.4193333328125 0.8320000000000001 0.42400000000000004 0.83025 0.4346666671875 0.8305 0.4436666671875 0.8295 0.45099999999999996 0.82875 0.49000000000000005 0.8305 0.492 0.8375 0.4943333328125 0.8494999999999999 0.4943333328125
0 0.724 0.7403333328125 0.7235 0.7793333328125 0.72275 0.783 0.7235 0.7946666671875 0.72725 0.7996666671875 0.7342500000000001 0.8026666671875 0.7485 0.8036666671875 0.7555 0.8019999999999999 0.75875 0.7986666671875 0.76025 0.795 0.762 0.775 0.7685 0.6503333328124999 0.7675 0.6426666671875 0.75875 0.6343333328125 0.75725 0.627 0.7545 0.6223333328125 0.75225 0.6206666671875001 0.73925 0.6196666671875 0.73475 0.621 0.73225 0.623 0.7302500000000001 0.6303333328125 0.72375 0.633 0.72 0.6383333328125 0.71975 0.6563333328125001 0.71875 0.6683333328125001 0.71725 0.6736666671875 0.71675 0.6823333328125 0.71825 0.696 0.7175 0.725 0.724 0.7403333328125
1 0.7659167499999999 0.6412223328125 0.76925 0.651 0.76775 0.6696666671875 0.768 0.678 0.76675 0.6853333328125 0.76725 0.6886666671875 0.76625 0.693 0.7665 0.713 0.76475 0.74 0.76475 0.7636666671875 0.76725 0.768 0.77925 0.7776666671875 0.79075 0.7896666671875 0.79575 0.7896666671875 0.81125 0.786 0.8724999999999999 0.779 0.8765000000000001 0.7763333328125 0.88125 0.7766666671875 0.88475 0.7743333328124999 0.8942500000000001 0.773 0.8967499999999999 0.7706666671875 0.89925 0.7526666671875 0.90025 0.7326666671875001 0.90075 0.6815556671875 0.9035 0.5986666671875 0.8887499999999999 0.5876666671875 0.8494999999999999 0.572 0.84575 0.5730000000000001 0.8452500000000001 0.5820000000000001 0.841 0.5860000000000001 0.8077500000000001 0.5873333328125 0.8019999999999999 0.588 0.799 0.5896666671874999 0.79075 0.5896666671874999 0.7877500000000001 0.587 0.7747499999999999 0.5836666671875 0.76375 0.5876666671875 0.75675 0.5916666671875 0.75575 0.5940000000000001 0.75675 0.6233333328125 0.75975 0.6263333328125 0.7595 0.6313333328125 0.7659167499999999 0.6412223328125
0 0.52525 0.8316666671874999 0.5415 0.8363333328125 0.54875 0.836 0.5615 0.8296666671875 0.56475 0.8266666671875 0.5667500000000001 0.8206666671875 0.5705 0.7986666671875 0.57175 0.775 0.5690000000000001 0.7586666671875 0.5667500000000001 0.7516666671875 0.5625 0.7216666671875 0.5587500000000001 0.7103333328125 0.5587500000000001 0.689 0.557 0.6756666671875 0.55675 0.662 0.5547500000000001 0.658 0.5519999999999999 0.6563333328125001 0.5467500000000001 0.6553333328125001 0.53725 0.6563333328125001 0.5355000000000001 0.6573333328125 0.5325 0.6623333328125 0.526 0.7283333328125 0.51825 0.7746666671875 0.5185 0.7836666671875 0.517 0.8009999999999999 0.51675 0.8103333328125 0.52025 0.825 0.52125 0.8276666671875 0.52525 0.8316666671874999
0 0.5795 0.818 0.5835 0.8210000000000001 0.59075 0.8226666671875 0.599 0.8213333328125 0.60325 0.818 0.6042500000000001 0.8119999999999999 0.60725 0.778 0.6092500000000001 0.7286666671875001 0.611 0.7166666671875 0.6134999999999999 0.6696666671875 0.6115 0.667 0.57475 0.6679999999999999 0.57125 0.669 0.5702499999999999 0.6716666671875 0.56925 0.6796666671875 0.5695 0.689 0.57775 0.8113333328125 0.5795 0.818
0 0.39049999999999996 0.8533333328125 0.40025000000000005 0.859 0.41200000000000003 0.8593333328125 0.43125 0.8546666671875001 0.43949999999999995 0.8486666671875 0.44225000000000003 0.8456666671875 0.44349999999999995 0.842 0.4445 0.7753333328124999 0.44325000000000003 0.7663333328124999 0.4425 0.744 0.43925000000000003 0.7353333328125 0.43574999999999997 0.7313333328125 0.42525 0.726 0.42374999999999996 0.7116666671874999 0.41775 0.7023333328125 0.41825 0.6966666671875 0.42725 0.6950000000000001 0.43125 0.693 0.43324999999999997 0.6896666671875 0.43200000000000005 0.6873333328125 0.42774999999999996 0.6853333328125 0.41600000000000004 0.6836666671875 0.40774999999999995 0.6853333328125 0.40374999999999994 0.6893333328125 0.403 0.6923333328125 0.40374999999999994 0.6946666671874999 0.40875000000000006 0.6966666671875 0.41025 0.6993333328125 0.40975 0.7056666671875 0.40475000000000005 0.713 0.40374999999999994 0.727 0.3955 0.7333333328125 0.39 0.7396666671875 0.387 0.7513333328125 0.3875 0.8160000000000001 0.389 0.8313333328124999 0.38849999999999996 0.8416666671874999 0.39049999999999996 0.8533333328125