1 0.10725 0.16499999999999998 0.17425 0.1663333328125 0.18675 0.16599999999999998 0.18925 0.1636666671875 0.18725 0.10333333281249998 0.18575 0.099 0.16899999999999998 0.073 0.162 0.0653333328125 0.155 0.0636666671875 0.07975 0.056999999999999995 0.02175 0.0496666671875 0.017499999999999998 0.0506666671875 0.01675 0.052000000000000005 0.01775 0.127 0.019 0.1543333328125 0.020749999999999998 0.1563333328125 0.10725 0.16499999999999998
1 0.3165 0 0.3175 0.155 0.31775000000000003 0.1696666671875 0.3185 0.1706666671875 0.322 0.172 0.391 0.173 0.417 0.17266666718749998 0.42024999999999996 0.17099999999999999 0.421 0.1696666671875 0.42074999999999996 0.1576666671875 0.4215 0.1546666671875 0.42175 0.1233333328125 0.42074999999999996 0 0.3165 0
1 0.61 0.1776666671875 0.62225 0.176 0.6245 0.17366666718749998 0.62575 0.16999999999999998 0.62575 0.154 0.6247499999999999 0.1513333328125 0.62575 0.1463333328125 0.623 0.1196666671875 0.61925 0.1153333328125 0.6075 0.11399999999999999 0.46275000000000005 0.1056666671875 0.45875000000000005 0.11100000000000002 0.45499999999999996 0.1516666671875 0.454 0.1656666671875 0.454 0.17033333281250002 0.45499999999999996 0.173 0.61 0.1776666671875
1 0.6345 0.13899999999999998 0.63225 0.16 0.6325000000000001 0.17366666718749998 0.6345 0.17633333281250002 0.77675 0.1796666671875 0.787 0.1796666671875 0.7889999999999999 0.17733333281250002 0.79025 0.142 0.79525 0.076 0.795 0.06733333281250001 0.7927500000000001 0.0636666671875 0.7755 0.0616666671875 0.74525 0.061 0.7150000000000001 0.0636666671875 0.696 0.060333332812499994 0.66125 0.057333332812500006 0.65 0.0633333328125 0.64025 0.0773333328125 0.63225 0.0843333328125 0.63125 0.09 0.634 0.10066666718749999 0.6345 0.11000000000000001 0.6345 0.13899999999999998
1 0.8087500000000001 0.18 0.9199999999999999 0.18 0.9272500000000001 0.1783333328125 0.99975 0.177 0.99975 0.017 0.98575 0.016 0.8375 0.018 0.82825 0.0243333328125 0.8210000000000001 0.034999999999999996 0.8175000000000001 0.037 0.81175 0.044 0.8067500000000001 0.048 0.7969999999999999 0.0606666671875 0.79625 0.064 0.79 0.16933333281250001 0.79 0.1776666671875 0.791 0.1786666671875 0.8087500000000001 0.18
1 0.6975 0.5266666671875 0.71275 0.542 0.80275 0.5446666671875 0.81325 0.544 0.8160000000000001 0.5416666671875 0.8185 0.522 0.81925 0.4703333328125 0.8205 0.4613333328125 0.81975 0.45099999999999996 0.8182499999999999 0.4493333328125 0.81075 0.4463333328125 0.7995 0.445 0.795 0.44299999999999995 0.78425 0.4446666671875 0.70075 0.4443333328125 0.69825 0.4476666671875 0.697 0.458 0.6975 0.46266666718750005 0.6952499999999999 0.501 0.69575 0.5213333328124999 0.6975 0.5266666671875
1 0.51475 0.537 0.604 0.5373333328125 0.6132500000000001 0.537 0.619 0.534 0.626 0.5366666671875 0.63175 0.5356666671875 0.63375 0.537 0.67375 0.537 0.68975 0.536 0.69375 0.533 0.69625 0.446 0.6965 0.40033333281249994 0.6955 0.399 0.6935 0.3976666671875 0.678 0.3973333328125 0.63925 0.3986666671875 0.5247499999999999 0.3983333328125 0.5175 0.3986666671875 0.51325 0.40033333281249994 0.512 0.49466666718749996 0.513 0.5046666671875 0.51275 0.5293333328125 0.51475 0.537
1 0.493 0.5396666671875 0.49375 0.5273333328125 0.49400000000000005 0.4313333328125 0.493 0.42766666718749996 0.49050000000000005 0.4256666671875 0.46375 0.4256666671875 0.462 0.42699999999999994 0.46025 0.4313333328125 0.45875000000000005 0.5406666671875 0.48150000000000004 0.5426666671875 0.49050000000000005 0.542 0.493 0.5396666671875
1 0.36 0.541 0.36124999999999996 0.5429999999999999 0.36875 0.5443333328125 0.413 0.5429999999999999 0.4205 0.5423333328125 0.42374999999999996 0.54 0.42750000000000005 0.5269999999999999 0.42774999999999996 0.5144666671875 0.4295 0.4993333328125 0.42925 0.485 0.42774999999999996 0.47933333281249996 0.403 0.47800000000000004 0.36875 0.47866666718750006 0.35924999999999996 0.48600000000000004 0.35750000000000004 0.4926666671875 0.358 0.5116666671875 0.36 0.5213333328124999 0.35924999999999996 0.529 0.36 0.541
1 0.8074999999999999 0.8623333328125 0.8087500000000001 0.9103333328125001 0.8102499999999999 0.915 0.81525 0.921 0.8452500000000001 0.9783333328125 0.8484999999999999 0.9796666671875001 0.99975 0.9800000000000001 0.99975 0.713 0.9935 0.7096666671875 0.9782500000000001 0.6853333328125 0.97425 0.6813333328125 0.97075 0.679 0.95975 0.679 0.95525 0.6746666671875 0.9199999999999999 0.6733333328125 0.8640000000000001 0.674 0.84925 0.6633333328125001 0.84575 0.6623333328125 0.8182499999999999 0.67 0.81375 0.6736666671875 0.8130000000000001 0.739 0.8085000000000001 0.8376666671875 0.8085000000000001 0.8539999999999999 0.8074999999999999 0.8623333328125
1 0.6035 0.9713333328125 0.6105 0.9743333328125001 0.6165 0.9736666671875 0.634 0.9766666671875001 0.63825 0.9756666671875 0.658 0.9816666671875 0.68675 0.9833333328125 0.72 0.9886666671875 0.72825 0.9886666671875 0.72975 0.9863333328125 0.73275 0.9359999999999999 0.7335 0.8949999999999999 0.73075 0.8753333328125 0.728 0.8646666671875 0.726 0.8619999999999999 0.72 0.86 0.66725 0.8533333328125 0.62625 0.85 0.60725 0.8470000000000001 0.60475 0.8513333328125 0.6045 0.8696666671875001 0.6035 0.8726666671875 0.60275 0.884 0.6014999999999999 0.9296666671875 0.6035 0.9386666671875 0.60275 0.9646666671874999 0.6035 0.9713333328125
1 0.35425 0.9853333328125 0.36324999999999996 0.9863333328125 0.41725 0.986 0.41974999999999996 0.982 0.42074999999999996 0.975 0.42175 0.8996666671875 0.4225 0.8966666671875 0.42125 0.8713333328124999 0.4215 0.8296666671875 0.4205 0.826 0.35724999999999996 0.8196666671875 0.35350000000000004 0.8243333328125001 0.34950000000000003 0.8443333328125 0.34875 0.853 0.34950000000000003 0.9123333328125 0.352 0.9826666671875 0.35425 0.9853333328125
0 0.20099999999999998 0.5373333328125 0.20875 0.5406666671875 0.22799999999999998 0.541 0.24425 0.5393333328125001 0.2495 0.537 0.25725 0.5266666671875 0.26175000000000004 0.5136666671875 0.26375000000000004 0.504 0.264 0.4723333328125 0.25975000000000004 0.437 0.254 0.4066666671875 0.25375000000000003 0.36466666718749996 0.25175000000000003 0.3516666671875 0.248 0.34199999999999997 0.2455 0.339 0.2425 0.3323333328125 0.24025 0.3063333328125 0.23650000000000002 0.29933333281249996 0.23199999999999998 0.29500000000000004 0.22574999999999998 0.29333333281249996 0.2125 0.29333333281249996 0.20550000000000002 0.2976666671875 0.20249999999999999 0.303 0.20049999999999998 0.3136666671875 0.1995 0.32966666718750004 0.20024999999999998 0.3333333328125 0.19325 0.3466666671875 0.18925 0.36466666718749996 0.18725 0.45549999999999996 0.186 0.465 0.18625 0.49466666718749996 0.18925 0.515 0.19524999999999998 0.5303333328125001 0.20099999999999998 0.5373333328125
0 0.8317500000000001 0.4636666671875 0.8320000000000001 0.4783333328125 0.83375 0.48733333281249996 0.8402499999999999 0.5013333328125 0.8445 0.5286666671875 0.84575 0.5323333328125 0.849 0.5366666671875 0.8532500000000001 0.5383333328125001 0.86725 0.54 0.889 0.5396666671875 0.89275 0.5373333328125 0.8975 0.5246666671875 0.90025 0.5156666671875 0.9015000000000001 0.506 0.91275 0.48200000000000004 0.91425 0.4703333328125 0.9119999999999999 0.367 0.9095000000000001 0.3273333328125 0.9095000000000001 0.2966666671875 0.9112500000000001 0.2873333328125 0.9109999999999999 0.2833333328125 0.906 0.2813333328125 0.8647500000000001 0.28300000000000003 0.8535 0.2853333328125 0.85125 0.2873333328125 0.85 0.2906666671875 0.84925 0.3133333328125 0.8455 0.3376666671875 0.8365 0.43 0.8317500000000001 0.4636666671875
0 0.93875 0.5389999999999999 0.943 0.541 0.9567500000000001 0.5429999999999999 0.968 0.5416666671875 0.9710000000000001 0.5376666671875 0.9737500000000001 0.5176666671875 0.97675 0.4716666671875 0.9765 0.45866666718750004 0.9782500000000001 0.4436666671875 0.978 0.43566666718749997 0.9730000000000001 0.4246666671875 0.9737500000000001 0.40599999999999997 0.9717499999999999 0.3993333328125 0.96675 0.398 0.9512499999999999 0.3993333328125 0.9487500000000001 0.40199999999999997 0.94675 0.4086666671875 0.94525 0.42766666718749996 0.942 0.43166666718749996 0.9395 0.438 0.93825 0.4556666671875 0.9369999999999999 0.49733333281250003 0.93475 0.525 0.9355 0.5346666671875 0.93875 0.5389999999999999
0 0.2595 0.9823333328125001 0.26375000000000004 0.9846666671875001 0.279 0.9876666671875001 0.3035 0.986 0.3195 0.9783333328125 0.32575 0.9696666671875 0.3265 0.961 0.327 0.8843333328125 0.32325 0.837 0.322 0.8293333328125 0.31825000000000003 0.8216666671875 0.3105 0.8163333328125001 0.30225 0.8133333328125 0.3 0.8113333328125 0.2985 0.795 0.29116675000000003 0.7852223328125 0.29175 0.78 0.2945 0.7769999999999999 0.3025 0.7756666671875 0.3065 0.7733333328125 0.308 0.7713333328124999 0.308 0.7673333328124999 0.29300000000000004 0.7596666671875 0.28425 0.759 0.279 0.7603333328125 0.271 0.7676666671875 0.27 0.7713333328124999 0.27075 0.775 0.27525 0.779 0.2785 0.7796666671875 0.27975 0.7843333328125001 0.27675 0.7916666671875 0.27225 0.7986666671875 0.272 0.8116666671875 0.26949999999999996 0.8183333328125 0.25975000000000004 0.8256666671874999 0.2565 0.8300000000000001 0.2505 0.8416666671874999 0.24900000000000003 0.849 0.24900000000000003 0.9199999999999999 0.25275 0.9673333328125 0.25575000000000003 0.9766666671875001 0.2595 0.9823333328125001
0 0.45475000000000004 0.9836666671875 0.4625 0.986 0.46799999999999997 0.986 0.48975 0.9783333328125 0.49800000000000005 0.9706666671875 0.499 0.9616666671875 0.502 0.95 0.50275 0.923 0.50575 0.9133333328125 0.50575 0.9086666671874999 0.5025000000000001 0.884 0.487 0.7966666671875 0.48674999999999996 0.7816666671875 0.484 0.7656666671875 0.483 0.745 0.48250000000000004 0.743 0.479 0.7396666671875 0.47175 0.7376666671875001 0.45824999999999994 0.739 0.45125000000000004 0.744 0.45 0.7476666671875 0.442 0.8276666671875 0.44000000000000006 0.8373333328125 0.43775000000000003 0.8603333328125 0.4325 0.8963333328124999 0.42874999999999996 0.917 0.42925 0.9393333328125 0.43550000000000005 0.9676666671874999 0.43949999999999995 0.9743333328125001 0.45475000000000004 0.9836666671875
0 0.51875 0.9400000000000001 0.5185 0.9516666671875 0.5197499999999999 0.9636666671875 0.52125 0.9676666671874999 0.52925 0.9743333328125001 0.5335 0.976 0.544 0.976 0.5525 0.9710000000000001 0.5549999999999999 0.9666666671874999 0.55575 0.9630000000000001 0.5575 0.9236666671875 0.5585 0.9203333328125 0.56175 0.8846666671875001 0.5662499999999999 0.805 0.56975 0.7673333328124999 0.568 0.763 0.526 0.7586666671875 0.51275 0.758 0.50975 0.7593333328125 0.50875 0.7633333328125 0.50825 0.7796666671875 0.5145 0.8566666671875 0.51725 0.9243333328125001 0.51875 0.9400000000000001
0 0.733 0.8683333328125 0.734 0.9606666671875 0.73675 0.966 0.74425 0.9746666671875 0.75525 0.9823333328125001 0.76925 0.9866666671875001 0.78025 0.9866666671875001 0.787 0.985 0.795 0.9783333328125 0.7975 0.9673333328125 0.79825 0.9443333328125 0.805 0.8883333328124999 0.806 0.8733333328124999 0.8065 0.8410953328125 0.8102499999999999 0.7986666671875 0.8115 0.7653333328125 0.8105 0.748 0.807 0.7426666671875 0.8035 0.7396666671875 0.79725 0.7366666671875 0.7955 0.732 0.79475 0.7243333328125 0.79025 0.7206666671875 0.7785 0.716 0.7625 0.7166666671875 0.757 0.7206666671875 0.75475 0.727 0.75175 0.7303333328125 0.7462500000000001 0.7323333328125 0.74175 0.736 0.738 0.7443333328125 0.73525 0.7906666671875 0.7355 0.8513333328125 0.735 0.8576666671875 0.73325 0.8613333328125 0.733 0.8683333328125
1 0.174 0.8996666671875 0.16975 0.9003333328125 0.14150000000000001 0.9106666671875001 0.1385 0.9126666671875 0.11000000000000001 0.9216666671875 0.066 0.9386666671875 0.060250000000000005 0.9426666671874999 0.05625 0.943 0.05375 0.9473333328125 0.053000000000000005 0.953 0.04875 0.9546666671875 0.042749999999999996 0.961 0.041999999999999996 0.9633333328125 0.04325 0.967 0.040749999999999995 0.9683333328125 0.037 0.9656666671874999 0.033 0.9686666671875 0.03275 0.9816666671875 0.03375 0.9886666671875 0.033 0.9943333328125 0.034999999999999996 0.9976666671875 0.034999999999999996 0.9996666671875 0.0405 0.9996666671875 0.0405 0.998 0.041499999999999995 0.9970000000000001 0.04825 0.9960000000000001 0.04975 0.998 0.04975 0.9996666671875 0.05525 0.9996666671875 0.05525 0.998 0.056499999999999995 0.9966666671875 0.05775 0.998 0.05775 0.9996666671875 0.11925 0.9996666671875 0.11925 0.998 0.12025 0.9973333328124999 0.15075 0.9863333328125 0.1545 0.9836666671875 0.16125 0.9823333328125001 0.17475000000000002 0.9756666671875 0.2085 0.9630000000000001 0.22075 0.9570000000000001 0.24700000000000003 0.9470000000000001 0.25025 0.9433333328125 0.248 0.9183333328125001 0.24775 0.874 0.2465 0.874 0.244 0.874 0.2245 0.8806666671875 0.181 0.8963333328124999 0.174 0.8996666671875
0 0 0.8806666671875 0.0017500000000000003 0.8806666671875 0.003 0.884 0.0032500000000000003 0.892 0.0052499999999999995 0.9013333328125 0.006750000000000001 0.9199999999999999 0.00775 0.9236666671875 0.0095 0.944 0.01075 0.9503333328125001 0.01075 0.9586666671874999 0.012750000000000001 0.9693333328125 0.013500000000000002 0.9816666671875 0.017249999999999998 0.9926666671875 0.025 0.9970000000000001 0.031 0.9966666671875 0.033 0.9943333328125 0.032 0.9720000000000001 0.033 0.969 0.041249999999999995 0.9673333328125 0.04475 0.9650000000000001 0.04525 0.9586666671874999 0.04775 0.9543333328125 0.0505 0.9523333328125 0.05325 0.9446666671875 0.05450000000000001 0.9433333328125 0.060750000000000005 0.9406666671874999 0.0645 0.9369999999999999 0.07925 0.933 0.08149999999999999 0.931 0.08225 0.9276666671875 0.08199999999999999 0.9119999999999999 0.08075 0.9083333328125001 0.08199999999999999 0.9043333328125 0.08199999999999999 0.8953333328124999 0.07975 0.8333333328125001 0.07675 0.7953333328125 0.0765 0.7773333328125 0.07475000000000001 0.7506666671875 0.073 0.7443333328125 0.06825 0.7396666671875 0.05550000000000001 0.7363333328125 0.052500000000000005 0.727 0.0435 0.726 0.042125 0.726 0.0335 0.7266666671875 0.017499999999999998 0.7323333328125 0.0125 0.7363333328125 0.01075 0.7403333328125 0.010499999999999999 0.748 0.009 0.751 0.0055 0.7523333328125 0.0017500000000000003 0.7553333328125 0 0.7553333328125 0 0.8806666671875
1 0.019 0.42366666718749996 0.0185 0.43566666718749997 0.01925 0.43899999999999995 0.01925 0.472 0.02025 0.4903333328125 0.01975 0.49800000000000005 0.017249999999999998 0.502 0.017 0.513 0.01875 0.5223333328125 0.01925 0.5323333328125 0.021249999999999998 0.5406666671875 0.025 0.5429999999999999 0.028249999999999997 0.542 0.0475 0.5429999999999999 0.09175 0.5423333328125 0.099 0.5393333328125001 0.10400000000000001 0.5393333328125001 0.1135 0.5353333328125001 0.11925 0.5343333328125001 0.12350000000000001 0.532 0.12450000000000001 0.5296666671875 0.12350000000000001 0.4676666671875 0.122 0.4086666671875 0.12025 0.3846666671875 0.119 0.38333333281250004 0.11599999999999999 0.3826666671875 0.09425 0.38 0.03425 0.3786666671875 0.03295 0.3786666671875 0.021249999999999998 0.3786666671875 0.017249999999999998 0.3806666671875 0.017499999999999998 0.404 0.019 0.42366666718749996
0 0.2145 0 0.2145 0.002 0.21225 0.0056666671875 0.20950000000000002 0.017333332812499998 0.2065 0.0806666671875 0.20099999999999998 0.11000000000000001 0.20125 0.1183333328125 0.202 0.123 0.20425 0.128 0.207 0.1583333328125 0.20800000000000002 0.16399999999999998 0.209 0.1656666671875 0.21475 0.16699999999999998 0.24525000000000002 0.16699999999999998 0.25125000000000003 0.1686666671875 0.26175000000000004 0.16833333281250001 0.26349999999999996 0.16799999999999998 0.26549999999999996 0.16599999999999998 0.2645 0.162 0.266 0.1546666671875 0.2665 0.1423333328125 0.26475 0.11133333281249999 0.26475 0.09733333281249999 0.26225 0.08399999999999999 0.26175000000000004 0.0733333328125 0.2585 0.049 0.2565 0.025 0.255 0.0176666671875 0.2525 0.013000000000000001 0.2525 0 0.25123324999999996 0 0.2145 0