1 0.2266666671875 0.45949999999999996 0.25166666718749997 0.4605 0.253 0.45875000000000005 0.25666666718750003 0.4335 0.2556666671875 0.43150000000000005 0.24466666718750002 0.4295 0.1633333328125 0.42024999999999996 0.1616666671875 0.42074999999999996 0.16 0.42350000000000004 0.154 0.44825 0.154 0.4525 0.1573333328125 0.45425000000000004 0.1886666671875 0.45575 0.2266666671875 0.45949999999999996
1 0.42766666718749996 0.46575 0.4286666671875 0.40549999999999997 0.42766666718749996 0.393 0.4233333328125 0.39175 0.36466666718749996 0.38849999999999996 0.3613333328125 0.39575 0.3586666671875 0.4305 0.3573333328125 0.462 0.3583333328125 0.4665 0.42400000000000004 0.46975 0.42766666718749996 0.46575
1 0.5429999999999999 0.47775 0.5626666671875 0.47824999999999995 0.5643333328125 0.47750000000000004 0.5646666671875 0.47575 0.5623333328125 0.4625 0.5603333328125 0.46075 0.545 0.45875000000000005 0.5046666671875 0.45599999999999996 0.49766666718749997 0.45425000000000004 0.47300000000000003 0.4535 0.45866666718750004 0.45199999999999996 0.45533333281250005 0.45499999999999996 0.45099999999999996 0.466 0.4493333328125 0.47050000000000003 0.4533333328125 0.47175 0.496 0.47375 0.5429999999999999 0.47775
1 0.5703333328125 0.47824999999999995 0.5823333328125 0.47925000000000006 0.5946666671874999 0.479 0.607 0.481 0.645 0.48224999999999996 0.65 0.48375 0.6613333328125 0.485 0.6656666671875 0.484 0.6663333328125 0.483 0.6653333328125 0.46575 0.662 0.4545 0.6353333328125 0.45125000000000004 0.6073333328125 0.4505 0.585 0.44675000000000004 0.58 0.44675000000000004 0.5763333328125 0.44775 0.5723333328125 0.45099999999999996 0.5696666671874999 0.45599999999999996 0.564 0.46224999999999994 0.5636666671875 0.46624999999999994 0.5660000000000001 0.47424999999999995 0.5676666671875 0.47725 0.5703333328125 0.47824999999999995
1 0.85 0.49024999999999996 0.8546666671875001 0.48650000000000004 0.85 0.47050000000000003 0.8533333328125 0.45499999999999996 0.8493333328125001 0.44675000000000004 0.8456666671875 0.44299999999999995 0.6839999999999999 0.4365 0.6809999999999999 0.43775000000000003 0.6769999999999999 0.44275000000000003 0.6675106671875 0.4556135 0.6679999999999999 0.46624999999999994 0.669 0.48224999999999996 0.6769999999999999 0.4845 0.837 0.49074999999999996 0.85 0.49024999999999996
1 0.152 0.602 0.1696666671875 0.6 0.17333333281250002 0.592 0.1766666671875 0.5645 0.177 0.55525 0.17366666718749998 0.54075 0.1546666671875 0.5389999999999999 0.1183333328125 0.53825 0.11599999999999999 0.54075 0.1056666671875 0.5872499999999999 0.10600000000000001 0.5995 0.12 0.6 0.1263333328125 0.6012500000000001 0.152 0.602
1 0.3993333328125 0.611 0.42800000000000005 0.6105 0.4303333328125 0.6075 0.43099999999999994 0.5915 0.42800000000000005 0.5900000000000001 0.4223333328125 0.5894999999999999 0.3806666671875 0.5885 0.37666666718749997 0.59275 0.372 0.60325 0.3716666671875 0.6075 0.373 0.609 0.3756666671875 0.6094999999999999 0.3993333328125 0.611
1 0.4726666671875 0.61225 0.48200000000000004 0.61125 0.479 0.57075 0.4766666671875 0.56975 0.45866666718750004 0.5690000000000001 0.4533333328125 0.572 0.4516666671875 0.576 0.4523333328125 0.6075 0.45366666718750004 0.6105 0.457 0.6115 0.4726666671875 0.61225
1 0.49066666718749996 0.6092500000000001 0.4933333328125 0.611 0.548 0.615 0.6126666671875001 0.6155 0.6273333328125 0.61525 0.628 0.6144999999999999 0.6233333328125 0.5715 0.6226666671875 0.56975 0.6193333328125 0.56825 0.6106666671875 0.5685 0.5993333328125 0.567 0.5690000000000001 0.56575 0.5406666671875 0.5655 0.5366666671875 0.5667500000000001 0.529 0.56475 0.4956666671875 0.564 0.492 0.5662499999999999 0.49066666718749996 0.571 0.491 0.59275 0.48966666718749996 0.5955 0.48966666718749996 0.606 0.49066666718749996 0.6092500000000001
1 0.6773333328125 0.6172500000000001 0.709 0.6174999999999999 0.7113333328125 0.61825 0.7150000000000001 0.618 0.7173333328125 0.61575 0.7123333328125 0.58875 0.7106666671874999 0.584 0.709 0.583 0.6893333328125 0.5825 0.6383333328125 0.5835 0.629 0.5955 0.6296666671875 0.61075 0.6306666671875 0.61475 0.632 0.61525 0.6773333328125 0.6172500000000001
1 0.09066666718750001 0.8172499999999999 0.0963333328125 0.8162499999999999 0.10266666718749999 0.818 0.11000000000000001 0.8182499999999999 0.1716666671875 0.8182499999999999 0.2713333328125 0.81525 0.279 0.81425 0.2793333328125 0.8135 0.2806666671875 0.79075 0.2786666671875 0.7855000000000001 0.27599999999999997 0.78325 0.1163333328125 0.77975 0.10533333281249999 0.78175 0.0953333328125 0.78625 0.0946666671875 0.78825 0.0903333328125 0.79075 0.09066666718750001 0.7975 0.087 0.80275 0.0873333328125 0.8089999999999999 0.0856666671875 0.8145 0.0873333328125 0.8164999999999999 0.09066666718750001 0.8172499999999999
1 0.433 0.80975 0.43433333281250003 0.807 0.4346666671875 0.8002499999999999 0.4346666671875 0.77425 0.4336666671875 0.74 0.43333333281249997 0.737 0.43166666718749996 0.73525 0.381 0.733 0.3756666671875 0.734 0.374 0.73625 0.373 0.74175 0.3716666671875 0.79375 0.3713333328125 0.8105 0.373 0.81225 0.42766666718749996 0.8115 0.433 0.80975
1 0.6933333328125 0.8077500000000001 0.6963333328125 0.8065 0.6946666671874999 0.7875 0.6893333328125 0.75575 0.687 0.75275 0.6533333328125 0.753 0.6453333328124999 0.75225 0.5876666671875 0.754 0.5846666671875 0.75575 0.584 0.7577499999999999 0.5876666671875 0.8067500000000001 0.5913333328125 0.8099999999999999 0.6463333328124999 0.8105 0.6933333328125 0.8077500000000001
1 0.739 0.706 0.7403333328125 0.7295 0.75 0.78025 0.756 0.80425 0.761 0.806 0.8223333328125 0.80475 0.8283333328125 0.80375 0.8789999999999999 0.8019999999999999 0.9023333328125 0.8022500000000001 0.9153333328125 0.8005000000000001 0.9243333328125001 0.8009999999999999 0.9286666671875 0.7995 0.9276666671875 0.78925 0.9236666671875 0.7805 0.9186666671875001 0.75975 0.8946666671875001 0.68225 0.8923333328125 0.67675 0.8886666671875 0.67375 0.8846666671875001 0.6735 0.8786666671875001 0.6717500000000001 0.877 0.66975 0.8683333328125 0.6679999999999999 0.8573333328125001 0.66975 0.8546666671875001 0.67225 0.8456666671875 0.67475 0.8326666671874999 0.6759999999999999 0.8263333328125 0.67475 0.7673333328124999 0.6755 0.7553333328125 0.6775 0.738 0.68575 0.7346666671875 0.6895 0.7363333328125 0.692 0.7363333328125 0.6985 0.739 0.706
0 0.693 0.77725 0.6996666671875 0.805 0.701 0.8067500000000001 0.7083333328125 0.8074999999999999 0.7483333328125 0.8065 0.752 0.80375 0.752 0.79825 0.7473333328125 0.78225 0.7426666671875 0.748 0.7386666671875 0.733 0.7376666671875001 0.7152499999999999 0.7346666671875 0.697 0.7306666671875 0.69325 0.7203333328125 0.68975 0.7173333328125 0.68525 0.706 0.6845 0.6946666671874999 0.6855 0.6946666671874999 0.688 0.6923333328125 0.69075 0.6853333328125 0.69425 0.6809999999999999 0.69775 0.6809999999999999 0.7082499999999999 0.6846666671875 0.7315 0.6873333328125 0.7415 0.693 0.77725
0 0.73 0.61025 0.733 0.61575 0.736 0.618 0.7683333328125 0.6184999999999999 0.7716666671875 0.616 0.7723333328125 0.6065 0.7753333328124999 0.6002500000000001 0.7756666671875 0.595 0.7516666671875 0.5285 0.748 0.52625 0.7343333328125 0.5265 0.7203333328125 0.5285 0.7166666671875 0.5309999999999999 0.7223333328125 0.59425 0.7216666671875 0.5995 0.7236666671875 0.6035 0.73 0.61025
0 0.82 0.6195 0.8216666671875 0.61825 0.8216666671875 0.61475 0.8126666671875 0.5832499999999999 0.807 0.57575 0.8043333328125 0.5685 0.8019999999999999 0.5662499999999999 0.7983333328125 0.5650000000000001 0.7913333328125 0.5667500000000001 0.7896666671875 0.5695 0.7886666671875 0.5865 0.7963333328125 0.61825 0.8013333328125001 0.61975 0.82 0.6195
0 0.252 0.6054999999999999 0.2876666671875 0.60625 0.2916666671875 0.60575 0.29500000000000004 0.60375 0.29700000000000004 0.5912499999999999 0.2963333328125 0.57525 0.29300000000000004 0.5595 0.2946666671875 0.5425 0.2926666671875 0.537 0.2883333328125 0.5305 0.2866666671875 0.5197499999999999 0.2823333328125 0.51625 0.2753333328125 0.51475 0.2686666671875 0.51525 0.2633333328125 0.517 0.2596666671875 0.52175 0.25666666718750003 0.53025 0.24933333281249997 0.541 0.2476666671875 0.55425 0.23766666718749999 0.5875 0.23733333281250002 0.5985 0.23866666718750001 0.60275 0.24066666718750002 0.6042500000000001 0.252 0.6054999999999999
0 0.318 0.465 0.3206666671875 0.46299999999999997 0.3203333328125 0.438 0.317 0.41200000000000003 0.31466666718749997 0.40774999999999995 0.307 0.40549999999999997 0.301 0.40575 0.2943333328125 0.40750000000000003 0.2866666671875 0.43 0.2843333328125 0.44175000000000003 0.2796666671875 0.44725000000000004 0.2796666671875 0.45925000000000005 0.2813333328125 0.46275000000000005 0.31233333281250003 0.465 0.318 0.465
0 0.3456666671875 0.81125 0.34900000000000003 0.76425 0.348 0.74125 0.3456666671875 0.73475 0.3413333328125 0.7315 0.33366666718750004 0.728 0.32566666718750004 0.70525 0.32966666718750004 0.70225 0.3376666671875 0.70125 0.33599999999999997 0.6992499999999999 0.32999999999999996 0.6985 0.3266666671875 0.697 0.3166666671875 0.697 0.309 0.701 0.313 0.70475 0.3136666671875 0.70925 0.308 0.71775 0.30533333281249997 0.72675 0.302 0.7292500000000001 0.2906666671875 0.73375 0.28700000000000003 0.73625 0.28500000000000003 0.741 0.2836666671875 0.7515 0.2806666671875 0.7969999999999999 0.2803333328125 0.8105 0.28300000000000003 0.81325 0.3343333328125 0.8125 0.3456666671875 0.81125
0 0.44299999999999995 0.7837500000000001 0.446 0.79125 0.4453333328125 0.8025 0.44733333281250004 0.8085000000000001 0.4486666671875 0.808 0.454 0.8105 0.48333333281249996 0.81075 0.4993333328125 0.8095000000000001 0.502 0.8055 0.5036666671875001 0.79925 0.5043333328124999 0.7747499999999999 0.4956666671875 0.753 0.49066666718749996 0.73575 0.48600000000000004 0.72875 0.481 0.6935 0.4783333328125 0.6917500000000001 0.46566666718749994 0.6912499999999999 0.458 0.69325 0.457 0.70175 0.45466666718750004 0.708 0.4543333328125 0.7262500000000001 0.45099999999999996 0.7325 0.44966666718750004 0.73925 0.44966666718750004 0.7457499999999999 0.45133333281250004 0.74875 0.44666666718750003 0.7555 0.4476666671875 0.76 0.44566666718750003 0.76325 0.446 0.77025 0.44299999999999995 0.7837500000000001
0 0.09066666718750001 0.81075 0.094 0.808 0.0996666671875 0.79125 0.10633333281249999 0.78275 0.1116666671875 0.78075 0.11499999999999999 0.7777499999999999 0.1203333328125 0.74175 0.1253333328125 0.724 0.13033333281249998 0.6975 0.129 0.6952499999999999 0.123 0.6910000000000001 0.118 0.68975 0.1173333328125 0.68525 0.11499999999999999 0.68225 0.096 0.68075 0.0866666671875 0.6815 0.0816666671875 0.68675 0.06833333281250001 0.6925 0.0646666671875 0.6965 0.0586666671875 0.73225 0.053000000000000005 0.75475 0.0513333328125 0.774 0.044666667187499995 0.8125 0.044666667187499995 0.8195 0.08299999999999999 0.8182499999999999 0.089 0.81425 0.09066666718750001 0.81075
0 0.515 0.783 0.5163333328124999 0.8077500000000001 0.5176666671875 0.80975 0.5213333328124999 0.8105 0.5463333328125 0.8095000000000001 0.549 0.8082499999999999 0.5496666671875 0.8067500000000001 0.5486666671875 0.79075 0.5509999999999999 0.76 0.5516666671875 0.70875 0.5486666671875 0.7055 0.513 0.7070000000000001 0.5056666671875 0.7065 0.503 0.7085 0.5026666671875 0.7165 0.5066666671875 0.73575 0.5126666671875 0.7785 0.515 0.783