1 0.05625 0.314 0.14650000000000002 0.3163333328125 0.19125 0.3156666671875 0.22374999999999998 0.31433333281250003 0.229 0.3133333328125 0.23125 0.31033333281250003 0.23025 0.25166666718749997 0.22875 0.2436666671875 0.21600000000000003 0.2206666671875 0.20875 0.2116666671875 0.123 0.20600000000000002 0.098 0.20600000000000002 0.05825 0.2033333328125 0.05575 0.20366666718749998 0.05375 0.20566666718749999 0.05325 0.2146666671875 0.05475 0.25866666718750003 0.05425 0.311 0.05625 0.314
1 0.48224999999999996 0.3076666671875 0.48324999999999996 0.3063333328125 0.48250000000000004 0.24266666718750002 0.48 0.20099999999999998 0.47925000000000006 0.087 0.47750000000000004 0.028999999999999998 0.47400000000000003 0.025333332812499998 0.47024999999999995 0.024666667187499998 0.44427775 0.0266666671875 0.373 0.0283333328125 0.36875 0.033 0.37425 0.31033333281250003 0.3765 0.31266666718749997 0.3825 0.31266666718749997 0.48224999999999996 0.3076666671875
1 0.56775 0.3026666671875 0.67025 0.3016666671875 0.70375 0.3 0.70875 0.2986666671875 0.70875 0.2906666671875 0.702 0.244 0.70025 0.24133333281249997 0.69675 0.23933333281250002 0.529 0.23766666718749999 0.52575 0.24 0.525 0.242 0.52125 0.2753333328125 0.5215 0.2841666671875 0.52025 0.294 0.521 0.3063333328125 0.56775 0.3026666671875
1 0.04425 0.6980000000000001 0.0455 0.704 0.04525 0.717 0.04725 0.7283333328125 0.04875 0.73 0.05550000000000001 0.73 0.1275 0.725 0.14350000000000002 0.7166666671875 0.15575 0.7086666671875 0.15825 0.705 0.15875 0.697 0.157 0.5523333328125 0.1555 0.5446666671875 0.15425 0.5436666671875 0.11875 0.5446666671875 0.05450000000000001 0.5486666671875 0.048 0.5509999999999999 0.0465 0.5559999999999999 0.04825 0.667 0.04775 0.6743333328125 0.04525 0.6816666671875 0.04425 0.6980000000000001
1 0.4255 0.7043333328125 0.42750000000000005 0.708 0.441 0.7086666671875 0.488 0.705 0.49424999999999997 0.7036666671875 0.49675 0.701 0.49850000000000005 0.654 0.49625 0.6383333328125 0.49400000000000005 0.632 0.49074999999999996 0.6273333328125 0.42774999999999996 0.631 0.42474999999999996 0.6343333328125 0.42350000000000004 0.642 0.4225 0.65 0.42275 0.6706666671875 0.42474999999999996 0.6839999999999999 0.4255 0.7043333328125
1 0.5622499999999999 0.6996666671875 0.572 0.6976666671875 0.57275 0.697 0.57275 0.6886666671875 0.56925 0.6126666671875001 0.5690000000000001 0.5766666671875 0.564 0.5730000000000001 0.5475 0.5743333328125 0.537 0.5736666671874999 0.533 0.5743333328125 0.53075 0.577 0.5337500000000001 0.697 0.5365 0.7 0.54475 0.7006666671875 0.5622499999999999 0.6996666671875
1 0.58775 0.5863333328125 0.58775 0.5896666671874999 0.58525 0.5916666671875 0.585 0.5983333328125 0.5860000000000001 0.604 0.58525 0.6063333328125 0.58525 0.6243333328125 0.587 0.6573333328125 0.58675 0.6776666671875 0.58775 0.6849999999999999 0.59175 0.6883333328125001 0.608 0.6893333328125 0.615 0.6866666671874999 0.617 0.688 0.6214999999999999 0.688 0.6655 0.6849999999999999 0.6855 0.6853333328125 0.68875 0.6833333328125 0.70925 0.6816666671875 0.7135 0.6799999999999999 0.718 0.6816666671875 0.7264999999999999 0.682 0.77925 0.6786666671875 0.7875 0.6776666671875 0.7905 0.6736666671875 0.787 0.5563333328125 0.786 0.5533333328125 0.78625 0.5323333328125 0.7855000000000001 0.529 0.78325 0.5266666671875 0.59475 0.537 0.58825 0.5386666671875 0.58675 0.5406666671875 0.58775 0.5593333328125001 0.5865 0.5660000000000001 0.58575 0.584 0.58775 0.5863333328125
1 0.8095000000000001 0.6816666671875 0.8130000000000001 0.6833333328125 0.81425 0.6853333328125 0.92825 0.6839999999999999 0.932 0.6813333328125 0.9305 0.597 0.92975 0.588 0.9275 0.5833333328125 0.9119999999999999 0.576 0.8995 0.575 0.89625 0.5723333328125 0.88575 0.5696666671874999 0.79875 0.5740000000000001 0.7927500000000001 0.576 0.7905 0.5813333328125 0.79 0.5843333328125 0.79425 0.6663333328125 0.7969999999999999 0.6713333328125 0.8095000000000001 0.6816666671875
1 0.8792500000000001 0.2166666671875 0.8805 0.2296666671875 0.8805 0.2483333328125 0.8789999999999999 0.25166666718749997 0.8789999999999999 0.2613333328125 0.8795 0.2853333328125 0.88125 0.292 0.88425 0.2946666671875 0.8872500000000001 0.29500000000000004 0.9075 0.2946666671875 0.99975 0.2893333328125 0.99975 0.1246666671875 0.9244999999999999 0.12933333281249998 0.9175000000000001 0.133 0.9102499999999999 0.1393333328125 0.9067500000000001 0.144 0.893 0.1556666671875 0.8869999999999999 0.158 0.8744999999999999 0.1696666671875 0.8797499999999999 0.1786666671875 0.88025 0.19 0.8792500000000001 0.2166666671875
1 0.70625 0.25166666718749997 0.708 0.2746666671875 0.713 0.2986666671875 0.72325 0.3003333328125 0.75675 0.2996666671875 0.8365 0.29733333281249996 0.8542500000000001 0.2956666671875 0.87325 0.2956666671875 0.87675 0.2943333328125 0.8787499999999999 0.23033333281249999 0.8779999999999999 0.2146666671875 0.8785000000000001 0.1813333328125 0.87675 0.1766666671875 0.8727499999999999 0.1756666671875 0.83675 0.176 0.808 0.1776666671875 0.79525 0.1806666671875 0.75275 0.177 0.73525 0.177 0.72425 0.1816666671875 0.7144999999999999 0.191 0.6975 0.20299999999999999 0.697 0.2096666671875 0.7 0.21833333281249998 0.701 0.23566666718749998 0.70625 0.25166666718749997
0 0.25425 0.2851666671875 0.25525000000000003 0.2906666671875 0.256 0.3083333328125 0.257 0.31233333281250003 0.25875 0.3133333328125 0.3145 0.31233333281250003 0.3155 0.311 0.31725 0.2813333328125 0.3145 0.23700000000000002 0.31124999999999997 0.225 0.3115 0.2166666671875 0.308 0.1863333328125 0.30674999999999997 0.16599999999999998 0.30274999999999996 0.149 0.30074999999999996 0.1193333328125 0.2985 0.11599999999999999 0.2945 0.11333333281249999 0.2855 0.1106666671875 0.2745 0.11033333281249999 0.265 0.1126666671875 0.26275 0.11499999999999999 0.26225 0.144 0.259 0.1576666671875 0.25875 0.17233333281250002 0.252 0.2443333328125 0.25025 0.255 0.24975 0.264 0.2525 0.2746666671875 0.25175000000000003 0.2793333328125 0.25425 0.2851666671875
0 0.236 0.6933333328125 0.244 0.709 0.25175000000000003 0.7150000000000001 0.2585 0.716 0.27525 0.7153333328125 0.28925 0.7126666671875 0.29874999999999996 0.709 0.3055 0.7006666671875 0.3105 0.6849999999999999 0.3145 0.6656666671875 0.31475 0.641 0.311 0.606 0.30325 0.5683333328125 0.30325 0.5206666671875 0.302 0.5093333328125 0.2985 0.49833333281250003 0.29275 0.4893333328125 0.28925 0.4716666671875 0.28875 0.45866666718750004 0.28725 0.45366666718750004 0.28275 0.44699999999999995 0.27549999999999997 0.4436666671875 0.26425 0.4436666671875 0.255 0.4463333328125 0.2505 0.45099999999999996 0.24700000000000003 0.46266666718750005 0.24625 0.48666666718749996 0.24725000000000003 0.49000000000000005 0.24175 0.49766666718749997 0.23725000000000002 0.5096666671875 0.23625 0.5133333328125 0.23500000000000001 0.533 0.23500000000000001 0.5700000000000001 0.23125 0.6583333328125 0.23224999999999998 0.674 0.236 0.6933333328125
0 0.9417500000000001 0.4966666671875 0.942 0.5293333328125 0.9407500000000001 0.5326666671875 0.93875 0.5566666671875 0.93725 0.5893333328125 0.9375 0.6036666671875001 0.94025 0.615 0.9475 0.627 0.9535 0.654 0.96 0.67 0.9637499999999999 0.6719999999999999 0.97425 0.674 0.99975 0.6743333328125 0.99975 0.3973333328125 0.95075 0.4006666671875 0.94575 0.404 0.94525 0.4073333328125 0.9460000000000001 0.414 0.94575 0.43933333281250003 0.94425 0.45066666718750004 0.9417500000000001 0.4966666671875
0 0.94825 0.9743333328125001 0.95 0.952 0.9494999999999999 0.9390000000000001 0.9477499999999999 0.9316666671875 0.943 0.9253333328125001 0.932 0.9163333328125001 0.92875 0.9109999999999999 0.9279999999999999 0.9043333328125 0.9265000000000001 0.9003333328125 0.92075 0.8943333328125 0.9157500000000001 0.891 0.9039999999999999 0.8866666671875001 0.8939999999999999 0.8859999999999999 0.8845000000000001 0.8883333328124999 0.8807499999999999 0.8923333328125 0.881 0.897 0.8792500000000001 0.9019999999999999 0.87625 0.9029999999999999 0.8727499999999999 0.9023333328125 0.86825 0.9039999999999999 0.86425 0.9073333328125001 0.8615 0.9123333328125 0.8605 0.9189999999999999 0.86025 0.9346666671875001 0.85975 0.994 0.8612500000000001 0.9996666671875 0.94825 0.9996666671875 0.94825 0.9743333328125001
0 0.10400000000000001 0.9706666671875 0.10325 0.967 0.1 0.962 0.092 0.958 0.08449999999999999 0.9566666671874999 0.08225 0.951 0.07625 0.9453333328125 0.060250000000000005 0.9463333328125 0.0495 0.951 0.040749999999999995 0.9570000000000001 0.0365 0.9626666671875 0.0305 0.9756666671875 0.020749999999999998 0.984 0.014000000000000002 0.9943333328125 0.013000000000000001 0.9996666671875 0.10425 0.9996666671875 0.10500000000000001 0.9926666671875 0.10400000000000001 0.9706666671875
1 0.9359999999999999 0.9119999999999999 0.9390000000000001 0.9196666671875 0.945 0.924 0.9512499999999999 0.9453333328125 0.9497500000000001 0.9743333328125001 0.951 0.9996666671875 0.9727499999999999 0.9996666671875 0.9755667499999999 0.9976666671875 0.99225 0.9976666671875 0.99975 0.9956666671875001 0.99975 0.8363333328125 0.9964999999999999 0.8346666671875 0.98925 0.8276666671875 0.966 0.8116666671875 0.9625 0.8113333328125 0.9425000000000001 0.8183333328125 0.9337500000000001 0.8220000000000001 0.93025 0.825 0.9295 0.8263333328125 0.933 0.9046666671875 0.9355 0.9076666671875 0.9359999999999999 0.9119999999999999
0 0.57725 0.9863333328125 0.5730000000000001 0.9656666671874999 0.57175 0.9433333328125 0.5702499999999999 0.9380000000000001 0.564 0.9326666671874999 0.5525 0.9303333328125 0.5445 0.9326666671874999 0.537 0.9383333328125 0.53525 0.945 0.5347500000000001 0.969 0.53275 0.9810000000000001 0.5325 0.9996666671875 0.57675 0.9996666671875 0.57775 0.9949999999999999 0.57725 0.9863333328125