1 0.15025 0.2813333328125 0.16325 0.2816666671875 0.21275 0.288 0.24275000000000002 0.2906666671875 0.2485 0.2906666671875 0.25 0.2886666671875 0.2515 0.229 0.25075 0.2206666671875 0.24874999999999997 0.21833333281249998 0.238 0.2173333328125 0.21749999999999997 0.21233333281250003 0.18575 0.207 0.17175 0.2066666671875 0.15225 0.20366666718749998 0.14450000000000002 0.205 0.14250000000000002 0.209 0.14350000000000002 0.264 0.14475 0.279 0.15025 0.2813333328125
0 0.282 0.2926666671875 0.29375 0.294 0.30175 0.29333333281249996 0.3135 0.29533333281249996 0.31875 0.2946666671875 0.32075 0.2713333328125 0.31975 0.2423333328125 0.3125 0.16599999999999998 0.3105 0.161 0.29474999999999996 0.1576666671875 0.29100000000000004 0.1583333328125 0.28875 0.1613333328125 0.28775 0.17733333281250002 0.28375 0.189 0.28275 0.2013333328125 0.284 0.2033333328125 0.28250000000000003 0.229 0.27975 0.236 0.27949999999999997 0.24 0.27725 0.24700000000000003 0.27749999999999997 0.263 0.27925 0.2703333328125 0.2805 0.2903333328125 0.282 0.2926666671875
1 0.36175 0.298 0.36425 0.29900000000000004 0.42774999999999996 0.3026666671875 0.42975 0.29500000000000004 0.42925 0.269 0.43025 0.25666666718750003 0.43099999999999994 0.1383333328125 0.43025 0.12166666718750001 0.4285 0.119 0.42350000000000004 0.1176666671875 0.3665 0.11033333281249999 0.36124999999999996 0.11200000000000002 0.35924999999999996 0.11499999999999999 0.358 0.121 0.35924999999999996 0.1301666671875 0.3585 0.20833333281250002 0.3605 0.296 0.36175 0.298
1 0.5595 0.3116666671875 0.5615 0.31033333281250003 0.562 0.3066666671875 0.56125 0.2826666671875 0.5589999999999999 0.279 0.5582499999999999 0.2753333328125 0.55275 0.273 0.5325 0.2706666671875 0.5245 0.269 0.522 0.2673333328125 0.48674999999999996 0.2653333328125 0.475 0.2626666671875 0.46224999999999994 0.26233333281250004 0.45824999999999994 0.264 0.4445 0.275 0.44125 0.27999999999999997 0.43975 0.2883333328125 0.43975 0.3026666671875 0.44299999999999995 0.3043333328125 0.54825 0.312 0.5595 0.3116666671875
1 0.5605 0.2743333328125 0.562 0.2786666671875 0.5645 0.2976666671875 0.5650000000000001 0.31033333281250003 0.5662499999999999 0.3116666671875 0.65 0.319 0.65325 0.3153333328125 0.65725 0.257 0.6565000000000001 0.25033333281250003 0.654 0.246 0.64725 0.24266666718750002 0.61475 0.2436666671875 0.58425 0.2383333328125 0.5695 0.24 0.55675 0.24300000000000002 0.55425 0.24533333281249997 0.55375 0.2483333328125 0.55525 0.2636666671875 0.55775 0.271 0.5605 0.2743333328125
1 0.65996875 0.2605276671875 0.65796875 0.2681943328125 0.65546875 0.3141943328125 0.65721875 0.318861 0.79896875 0.32686099999999996 0.81721875 0.32686099999999996 0.8217187499999999 0.3261943328125 0.82321875 0.32452766718750004 0.82521875 0.2721943328125 0.8277187500000001 0.267861 0.83096875 0.266861 0.83246875 0.2645276671875 0.83221875 0.2431943328125 0.83071875 0.2391943328125 0.8157187499999999 0.236861 0.68246875 0.2281943328125 0.67521875 0.2315276671875 0.66921875 0.236861 0.66271875 0.236861 0.66096875 0.238861 0.65546875 0.240861 0.65421875 0.2431943328125 0.65421875 0.2451943328125 0.65771875 0.246861 0.65896875 0.248861 0.65996875 0.2605276671875
1 0.12350000000000001 0.5603333328125 0.12675 0.5653333328125 0.134 0.5676666671875 0.1665 0.5663333328125 0.18475 0.5646666671875 0.189 0.5606666671875 0.18975 0.558 0.1895 0.497 0.18775 0.4463333328125 0.18525 0.44333333281250004 0.129 0.44299999999999995 0.127 0.4446666671875 0.12525 0.45099999999999996 0.124 0.4623333328125 0.12350000000000001 0.5416666671875 0.12275 0.545 0.12375 0.548 0.12350000000000001 0.5603333328125
1 0.3775 0.5486666671875 0.38325 0.5533333328125 0.38875000000000004 0.5559999999999999 0.40225 0.5559999999999999 0.42774999999999996 0.553 0.42925 0.5523333328125 0.43125 0.5486666671875 0.43125 0.5326666671875 0.434 0.5253333328124999 0.433 0.5233333328125 0.4325 0.5166666671875 0.42874999999999996 0.5126666671875 0.41974999999999996 0.5093333328125 0.38075000000000003 0.51 0.377 0.5113333328125 0.3735 0.5146666671875 0.374 0.525 0.37675000000000003 0.5396666671875 0.3765 0.545 0.3775 0.5486666671875
1 0.4545 0.5513333328125001 0.47074999999999995 0.5513333328125001 0.47575 0.549 0.477 0.522 0.47725 0.47800000000000004 0.4765 0.4743333328125 0.47450000000000003 0.4723333328125 0.47074999999999995 0.4716666671875 0.46425 0.4726666671875 0.45099999999999996 0.472 0.44675000000000004 0.4756666671875 0.44325000000000003 0.476 0.44025 0.4783333328125 0.43949999999999995 0.488 0.43925000000000003 0.538 0.441 0.5433333328125001 0.44375 0.546 0.4545 0.5513333328125001
1 0.47874999999999995 0.4966666671875 0.4795 0.5212 0.47824999999999995 0.532 0.47824999999999995 0.5396666671875 0.4795 0.545 0.48624999999999996 0.5476666671875 0.5365 0.5443333328125 0.542 0.545 0.595 0.541 0.59825 0.538 0.59925 0.517 0.59875 0.45366666718750004 0.5980000000000001 0.45099999999999996 0.5955 0.45 0.56775 0.4503333328125 0.52175 0.453 0.48224999999999996 0.4533333328125 0.48025 0.45499999999999996 0.47874999999999995 0.45899999999999996 0.47925000000000006 0.4636666671875 0.47824999999999995 0.46666666718750005 0.47925000000000006 0.471 0.47775 0.48266666718750006 0.47975 0.48600000000000004 0.47874999999999995 0.4966666671875
1 0.60775 0.5253333328124999 0.6094999999999999 0.5336666671875 0.609 0.541 0.6144999999999999 0.5433333328125001 0.62025 0.5436666671875 0.66975 0.5423333328125 0.67225 0.5406666671875 0.6745 0.4933333328125 0.67375 0.48733333281249996 0.6717500000000001 0.4846666671875 0.66475 0.4823333328125 0.65725 0.48200000000000004 0.6537499999999999 0.479 0.6497499999999999 0.4783333328125 0.6437167500000001 0.4796666671875 0.619 0.4803333328125 0.61375 0.4836666671875 0.611 0.48333333281249996 0.6075 0.48600000000000004 0.60675 0.5173333328124999 0.6075 0.517 0.6085 0.521 0.60775 0.5253333328124999
1 0.6759999999999999 0.6806666671875 0.6725 0.7543333328124999 0.6725 0.7713333328124999 0.67375 0.775 0.67375 0.783 0.67925 0.787 0.68225 0.7946666671875 0.6875 0.7963333328125 0.693 0.8 0.69725 0.8106666671875 0.7005 0.8086666671874999 0.705 0.8093333328125001 0.7085 0.8076666671874999 0.717 0.8066666671875 0.7245 0.8019999999999999 0.72775 0.8039999999999999 0.745 0.8029999999999999 0.78325 0.795 0.78825 0.7926666671875 0.7925 0.7876666671875 0.795 0.783 0.79575 0.778 0.7975 0.718 0.799 0.6346666671875 0.79575 0.6306666671875 0.762 0.6113333328125 0.756 0.6093333328125 0.75175 0.6103333328125 0.75 0.6073333328125 0.74775 0.6063333328125 0.74825 0.6196666671875 0.74475 0.6216666671875 0.74025 0.6203333328125 0.73175 0.6203333328125 0.7045 0.623 0.693 0.6216666671875 0.6872499999999999 0.619 0.6815 0.62 0.66925 0.627 0.6679999999999999 0.6413333328124999 0.6679999999999999 0.6613333328125 0.66975 0.665 0.67375 0.6693333328125 0.6759999999999999 0.6806666671875
1 0.173 0.9179999999999999 0.1815 0.9253333328125001 0.1855 0.9246666671874999 0.3025 0.8606666671875001 0.30874999999999997 0.8566666671875 0.3115 0.8533333328125 0.31225 0.8493333328125001 0.3105 0.8366666671875 0.31074999999999997 0.8143333328125 0.30874999999999997 0.8046666671875 0.3065 0.8036666671875 0.29025 0.8103333328125 0.17675000000000002 0.8666666671875 0.17325 0.869 0.172 0.8783333328125 0.16475 0.8843333328125 0.162 0.8883333328124999 0.1615 0.8913333328125 0.16075 0.9043333328125 0.16275 0.9196666671875 0.16625 0.9216666671875 0.173 0.9179999999999999
1 0.39249999999999996 0.8683333328125 0.39825 0.868 0.43550000000000005 0.8616666671875001 0.437 0.8573333328125001 0.43724999999999997 0.8286666671875 0.43825000000000003 0.826 0.43949999999999995 0.8036666671875 0.43875000000000003 0.775 0.437 0.7593333328125 0.43550000000000005 0.7556666671875 0.42824999999999996 0.7523333328125 0.4 0.7553333328125 0.38849999999999996 0.7613333328125 0.38725 0.7736666671875 0.38725 0.8106666671875 0.38975 0.8243333328125001 0.391 0.8663333328125 0.39249999999999996 0.8683333328125
1 0.58671875 0.790625 0.09296875 0.084375
0 0.43899999999999995 0.8143333328125 0.43975 0.8343333328125 0.442 0.8453333328125 0.44425 0.8496666671875 0.45599999999999996 0.8550000000000001 0.46775 0.8563333328124999 0.48 0.8516666671875001 0.48575 0.8453333328125 0.4915 0.8173333328125001 0.49175 0.8023333328125 0.48875 0.7816666671875 0.48600000000000004 0.7706666671875 0.48324999999999996 0.748 0.47925000000000006 0.738 0.47975 0.7233333328125 0.47725 0.6940000000000001 0.4755 0.6893333328125 0.46699999999999997 0.687 0.4575 0.689 0.45475000000000004 0.693 0.44625000000000004 0.7733333328125 0.44349999999999995 0.7856666671875 0.441 0.8103333328125 0.43899999999999995 0.8143333328125
0 0.12250000000000001 0.8293333328125 0.125 0.8806666671875 0.12775 0.9043333328125 0.1305 0.9116666671875 0.13525 0.9156666671875 0.14750000000000002 0.9166666671874999 0.158 0.9146666671875 0.16 0.9119999999999999 0.15925 0.9006666671874999 0.161 0.8883333328124999 0.1645 0.8826666671875 0.17124999999999999 0.8766666671875001 0.17075 0.8736666671875 0.17325 0.867 0.1755 0.8643333328124999 0.17775000000000002 0.8539999999999999 0.17775000000000002 0.767 0.17575000000000002 0.7523333328125 0.17725 0.7376666671875001 0.17625 0.7283333328125 0.17325 0.7230000000000001 0.16525 0.7196666671874999 0.1615 0.7113333328125 0.15475 0.7083333328125 0.14250000000000002 0.7086666671875 0.1335 0.7143333328125 0.12275 0.73 0.11925 0.7383333328125 0.119 0.756 0.12 0.7593333328125 0.12150000000000001 0.8246666671874999 0.12250000000000001 0.8293333328125
0 0.32175 0.876 0.32625000000000004 0.8779999999999999 0.33925 0.8789999999999999 0.351 0.8766666671875001 0.36 0.8726666671875 0.36524999999999996 0.8686666671875001 0.36825 0.865 0.3695 0.8613333328125 0.37025 0.7889999999999999 0.368 0.7633333328125 0.366 0.7603333328125 0.35425 0.7543333328124999 0.35275 0.7523333328125 0.35125 0.748 0.35075 0.7406666671875 0.34700000000000003 0.7316666671875 0.34775 0.7283333328125 0.352 0.7243333328125 0.357 0.7230000000000001 0.359 0.721 0.358 0.7166666671875 0.353 0.7150000000000001 0.34125 0.714 0.337 0.7156666671874999 0.329 0.7223333328125 0.32825000000000004 0.7243333328125 0.33075 0.7316666671875 0.33225 0.7426666671875 0.33225 0.7535236671875001 0.33125 0.7566666671875 0.3215 0.7626666671875 0.31825000000000003 0.767 0.31575000000000003 0.7753333328124999 0.31525 0.7813333328125001 0.316 0.8196666671875 0.315 0.842 0.31825000000000003 0.8726666671875 0.32175 0.876
0 0.4995 0.8256666671874999 0.49924999999999997 0.834 0.502 0.8393333328124999 0.50475 0.8406666671874999 0.5095 0.842 0.51925 0.8416666671874999 0.522 0.8380000000000001 0.52525 0.798 0.5285 0.788 0.5309999999999999 0.704 0.529 0.7 0.50875 0.6980000000000001 0.50625 0.6966666671875 0.49450000000000005 0.6980000000000001 0.49074999999999996 0.7 0.49074999999999996 0.7166666671875 0.495 0.7946666671875 0.497 0.8176666671874999 0.4995 0.8256666671874999
0 0.63475 0.8203333328125 0.6457499999999999 0.8240000000000001 0.6555 0.8246666671874999 0.6625 0.8233333328124999 0.66625 0.8203333328125 0.6685 0.8153333328124999 0.6705 0.792 0.6759999999999999 0.683 0.675 0.6736666671875 0.67225 0.6666666671875 0.6677500000000001 0.6639999999999999 0.6655 0.6576666671875 0.6635 0.6563333328125001 0.651 0.653 0.647 0.6533333328125 0.64425 0.6553333328125001 0.64025 0.6646666671875 0.634 0.6673333328125 0.62975 0.6736666671875 0.6287499999999999 0.7106666671874999 0.6285000000000001 0.7403333328125 0.63225 0.7596666671875 0.63225 0.8166666671874999 0.63475 0.8203333328125
0 0.25575000000000003 0.5486666671875 0.259 0.5503333328125 0.26349999999999996 0.5603333328125 0.28700000000000003 0.5603333328125 0.29775 0.5586666671875 0.3025 0.5553333328125001 0.3065 0.5456666671875 0.30825 0.5366666671875 0.30874999999999997 0.5246666671875 0.3065 0.4943333328125 0.3 0.45866666718750004 0.30025 0.4423333328125 0.3015 0.43166666718749996 0.29900000000000004 0.41900000000000004 0.2955 0.4113333328125 0.2935 0.3883333328125 0.29175 0.384 0.28725 0.38 0.2785 0.3786666671875 0.27125 0.3803333328125 0.26675 0.3843333328125 0.2595 0.398 0.25775000000000003 0.4136666671875 0.25425 0.4273333328125 0.25475 0.4303333328125 0.253 0.4346666671875 0.25075 0.437 0.24975 0.44066666718749997 0.25 0.46166666718749994 0.248 0.4763333328125 0.24725000000000003 0.4956666671875 0.248 0.5343333328125001 0.253 0.5423333328125 0.2525 0.545 0.25575000000000003 0.5486666671875
0 0.6845 0.5293333328125 0.6875 0.536 0.68975 0.538 0.7065 0.5386666671875 0.712 0.5373333328125 0.71475 0.532 0.7190000000000001 0.5133333328125 0.72275 0.504 0.7245 0.4956666671875 0.7245 0.48600000000000004 0.7222500000000001 0.47133333281249995 0.71975 0.3843333328125 0.71775 0.381 0.68925 0.3803333328125 0.6865 0.383 0.686 0.399 0.68275 0.4273333328125 0.6825 0.437 0.68075 0.4463333328125 0.6769999999999999 0.49866666718749997 0.6785 0.505 0.6825 0.5133333328125 0.6845 0.5293333328125
0 0.74825 0.5383333328125001 0.75175 0.5373333328125 0.75575 0.533 0.75725 0.483 0.75675 0.47366666718749995 0.7537499999999999 0.46666666718750005 0.754 0.45766666718750004 0.753 0.45366666718750004 0.7462500000000001 0.4503333328125 0.74375 0.4503333328125 0.7405 0.4533333328125 0.74 0.46495233281250004 0.73625 0.47400000000000003 0.73525 0.483 0.734 0.533 0.73625 0.5366666671875 0.739 0.5376666671875 0.74825 0.5383333328125001