1 0.1923333328125 0.48224999999999996 0.26433333281250004 0.48674999999999996 0.266 0.48525 0.27 0.45899999999999996 0.2673333328125 0.4575 0.25233333281250003 0.45499999999999996 0.17733333281250002 0.4465 0.174 0.45099999999999996 0.16933333281250001 0.46975 0.1673333328125 0.47824999999999995 0.17366666718749998 0.4805 0.182 0.47975 0.1923333328125 0.48224999999999996
1 0.38733333281250004 0.493 0.43166666718749996 0.4965 0.437 0.49574999999999997 0.43933333281250003 0.49325 0.4403333328125 0.47400000000000003 0.441 0.42350000000000004 0.44000000000000006 0.42000000000000004 0.43600000000000005 0.41875 0.42366666718749996 0.41775 0.3776666671875 0.41550000000000004 0.3743333328125 0.41950000000000004 0.372 0.43525 0.37 0.47675 0.37066666718749997 0.49175 0.3723333328125 0.493 0.38733333281250004 0.493
1 0.5446666671875 0.5042500000000001 0.5513333328125001 0.5065000000000001 0.5553333328125001 0.50525 0.5726666671875 0.5055 0.5756666671875 0.5042500000000001 0.5763333328125 0.50225 0.5736666671874999 0.48925 0.5713333328125 0.48624999999999996 0.4783333328125 0.477 0.47066666718750005 0.47750000000000004 0.4686666671875 0.47850000000000004 0.462 0.493 0.46166666718749994 0.49800000000000005 0.466 0.49874999999999997 0.5163333328124999 0.5015 0.5446666671875 0.5042500000000001
1 0.5986666671875 0.50625 0.6243333328125 0.50675 0.638 0.50875 0.6486666671875 0.509 0.654 0.5105000000000001 0.6573333328125 0.5085 0.6736666671875 0.51075 0.678 0.5095 0.6766666671875 0.49000000000000005 0.6746666671875 0.48224999999999996 0.6726666671875 0.48075 0.6656666671875 0.47925000000000006 0.6473333328125 0.47750000000000004 0.6233333328125 0.47725 0.6026666671875 0.47400000000000003 0.591 0.47325 0.5866666671874999 0.47474999999999995 0.5746666671875 0.48825 0.5746666671875 0.49424999999999997 0.5766666671875 0.50175 0.58 0.50475 0.5986666671875 0.50625
1 0.8483333328124999 0.51775 0.861 0.51725 0.8643333328124999 0.5157499999999999 0.8653333328124999 0.51375 0.859 0.48975 0.8630000000000001 0.48250000000000004 0.8619999999999999 0.47824999999999995 0.8576666671875 0.47050000000000003 0.85 0.46900000000000003 0.6940000000000001 0.46325000000000005 0.6893333328125 0.46675000000000005 0.6876666671875 0.46950000000000003 0.6843333328125001 0.48624999999999996 0.683 0.48875 0.6793333328125 0.49024999999999996 0.6783333328125 0.4925 0.6796666671875 0.50625 0.6839999999999999 0.50975 0.688 0.51075 0.8483333328124999 0.51775
1 0.121 0.624 0.1266666671875 0.6255 0.1576666671875 0.6275000000000001 0.17466666718749999 0.62725 0.179 0.626 0.1816666671875 0.6235 0.1863333328125 0.608 0.1876666671875 0.59775 0.1903333328125 0.59175 0.1893333328125 0.57875 0.187 0.568 0.1853333328125 0.5655 0.17033333281250002 0.564 0.1306666671875 0.56375 0.125 0.58 0.1176666671875 0.611 0.1183333328125 0.61675 0.1156666671875 0.62275 0.1186666671875 0.6245 0.121 0.624
1 0.41100000000000003 0.63925 0.43933333281250003 0.639 0.4423333328125 0.6255 0.4423333328125 0.6184999999999999 0.43933333281250003 0.61525 0.3923333328125 0.61375 0.3886666671875 0.61675 0.38366666718750003 0.627 0.38333333281250004 0.6345 0.3923333328125 0.6375 0.40099999999999997 0.6375 0.41100000000000003 0.63925
1 0.162 0.8472500000000001 0.2836666671875 0.844 0.288 0.84175 0.28900000000000003 0.8162499999999999 0.288 0.81325 0.28300000000000003 0.8115 0.2344813328125 0.8109999999999999 0.1233333328125 0.8077500000000001 0.11033333281249999 0.81175 0.0996666671875 0.81275 0.0953333328125 0.825 0.095 0.843 0.0966666671875 0.8455 0.099 0.8465 0.162 0.8472500000000001
1 0.663 0.8404999999999999 0.7023333328125 0.8385 0.7086666671875 0.83725 0.7070000000000001 0.81525 0.701 0.78225 0.6799999999999999 0.7815000000000001 0.665 0.7825 0.6573333328125 0.7815000000000001 0.599 0.7825 0.5953333328125 0.78575 0.5996666671875001 0.83825 0.6103333328125 0.8407500000000001 0.6146666671875 0.8400000000000001 0.663 0.8404999999999999
1 0.767 0.82675 0.7703333328124999 0.835 0.775 0.836 0.795 0.836 0.7996666671875 0.8345 0.8073333328125001 0.83625 0.8300000000000001 0.836 0.9189999999999999 0.8335000000000001 0.943 0.8322499999999999 0.9463333328125 0.8305 0.9446666671875 0.82 0.9119999999999999 0.72075 0.9066666671875 0.70475 0.9036666671875 0.702 0.8886666671875 0.6965 0.882 0.6952499999999999 0.8766666671875001 0.69575 0.858 0.7025 0.849 0.7025 0.842 0.70375 0.8096666671875001 0.7032499999999999 0.7903333328125 0.70175 0.7773333328125 0.7030000000000001 0.7683333328125 0.705 0.7453333328125 0.71575 0.744 0.71675 0.763 0.81075 0.7653333328125 0.8140000000000001 0.767 0.82675
1 0.5016666671875 0.63525 0.503 0.6367499999999999 0.5076666671875001 0.6385 0.627 0.6425 0.6386666671875 0.6425 0.6403333328125 0.6407499999999999 0.641 0.63825 0.6346666671875 0.59925 0.6336666671875 0.59575 0.6323333328125 0.595 0.6003333328125 0.59275 0.5503333328125 0.592 0.5133333328125 0.5900000000000001 0.5056666671875 0.5900000000000001 0.503 0.59175 0.5036666671875001 0.60975 0.5016666671875 0.615 0.501 0.6224999999999999 0.5016666671875 0.63525
1 0.7230000000000001 0.64525 0.7266666671875 0.645 0.7303333328125 0.6425 0.7246666671875001 0.6155 0.7230000000000001 0.61125 0.7206666671875 0.609 0.6506666671875 0.6094999999999999 0.6456666671875 0.614 0.6396666671875 0.623 0.6413333328124999 0.639 0.6423333328124999 0.6415 0.6446666671875 0.6425 0.7230000000000001 0.64525
1 0.43533333281250003 0.8414999999999999 0.44000000000000006 0.8404999999999999 0.44333333281250004 0.8385 0.4443333328125 0.767 0.44299999999999995 0.763 0.392 0.76075 0.388 0.76075 0.385 0.76225 0.38333333281250004 0.7675 0.3826666671875 0.803327 0.381 0.82075 0.3803333328125 0.8390000000000001 0.38133333281250004 0.84175 0.41633333281249996 0.8422499999999999 0.43533333281250003 0.8414999999999999
0 0.33199999999999996 0.49024999999999996 0.3343333328125 0.483 0.3343333328125 0.4665 0.3323333328125 0.46125 0.32966666718750004 0.43550000000000005 0.32599999999999996 0.433 0.318 0.43075 0.31033333281250003 0.43274999999999997 0.307 0.43550000000000005 0.305 0.44325000000000003 0.3023333328125 0.44699999999999995 0.2983333328125 0.466 0.2963333328125 0.46975 0.2946666671875 0.47050000000000003 0.2936666671875 0.47375 0.29300000000000004 0.48674999999999996 0.2946666671875 0.48875 0.32966666718750004 0.49124999999999996 0.33199999999999996 0.49024999999999996
0 0.30333333281249997 0.6315000000000001 0.306 0.6287499999999999 0.308 0.6205 0.3086666671875 0.60625 0.305 0.5894999999999999 0.30533333281249997 0.56425 0.3 0.554 0.2986666671875 0.545 0.294 0.5415 0.2876666671875 0.54025 0.2793333328125 0.54075 0.2726666671875 0.54525 0.2696666671875 0.5549999999999999 0.2633333328125 0.5625 0.261 0.56825 0.24933333281249997 0.612 0.24900000000000003 0.62675 0.25166666718749997 0.63025 0.2996666671875 0.63225 0.30333333281249997 0.6315000000000001
0 0.3386666671875 0.84175 0.348 0.8425 0.353 0.84175 0.3546666671875 0.8404999999999999 0.356 0.83825 0.3556666671875 0.8252499999999999 0.3586666671875 0.79225 0.3573333328125 0.76375 0.3503333328125 0.7585 0.33999999999999997 0.75575 0.3383333328125 0.74375 0.3343333328125 0.73625 0.3363333328125 0.731 0.3443333328125 0.728 0.3446666671875 0.7245 0.3283333328125 0.724 0.3223333328125 0.7255 0.31766666718750003 0.72825 0.3213333328125 0.734 0.3213333328125 0.73725 0.3173333328125 0.74425 0.316 0.7545 0.31233333281250003 0.75725 0.303 0.76 0.29500000000000004 0.76775 0.29 0.81225 0.2893333328125 0.8394999999999999 0.2906666671875 0.8422499999999999 0.33199999999999996 0.8425 0.3386666671875 0.84175
0 0.4516666671875 0.8342499999999999 0.4543333328125 0.8397500000000001 0.4583333328125 0.841 0.47000000000000003 0.84175 0.51 0.8400000000000001 0.5126666671875 0.83725 0.5153333328125 0.8247500000000001 0.5153333328125 0.8025 0.5073333328125 0.7815000000000001 0.5023333328125 0.7635 0.496 0.75225 0.4956666671875 0.73625 0.4933333328125 0.7304999999999999 0.49233333281249997 0.7205 0.49066666718749996 0.71875 0.487 0.7175 0.472 0.71825 0.46799999999999997 0.72075 0.4646666671875 0.73925 0.4646666671875 0.7535000000000001 0.4596666671875 0.76325 0.453 0.7905 0.45199999999999996 0.8007500000000001 0.4493333328125 0.8102499999999999 0.44966666718750004 0.8242499999999999 0.4516666671875 0.8342499999999999
0 0.5563333328125 0.8397500000000001 0.5603333328125 0.8380000000000001 0.5626666671875 0.73575 0.5603333328125 0.7325 0.5566666671875 0.73225 0.5465333328125 0.7335 0.5176666671875 0.73375 0.5136666671875 0.7355 0.5136666671875 0.7457499999999999 0.5276666671875 0.83775 0.5323333328125 0.8394999999999999 0.5563333328125 0.8397500000000001
0 0.7123333328125 0.8365 0.7166666671875 0.83825 0.75 0.8380000000000001 0.7633333328125 0.8365 0.7673333328124999 0.83375 0.7546666671875 0.7685 0.7523333328125 0.762 0.75 0.73625 0.7466666671875 0.725 0.7436666671875 0.7212500000000001 0.7383333328125 0.72025 0.734 0.718 0.7313333328125 0.71275 0.7236666671875 0.71175 0.7063333328125 0.71275 0.7033333328125 0.71925 0.697 0.72175 0.6926666671875 0.72575 0.6943333328125 0.749 0.702 0.78325 0.7096666671875 0.8335000000000001 0.7123333328125 0.8365
0 0.8306666671875 0.64775 0.8343333328125 0.6457499999999999 0.8336666671874999 0.63875 0.8256666671874999 0.6115 0.8166666671874999 0.59575 0.8143333328125 0.5925 0.8066666671875 0.5925 0.8023333328125 0.59475 0.8009999999999999 0.5995 0.8009999999999999 0.61475 0.8086666671874999 0.64425 0.8113333328125 0.6465 0.8306666671875 0.64775
0 0.774 0.6457499999999999 0.7826666671875 0.645 0.7843333328125001 0.6415 0.7846666671875 0.6327499999999999 0.7876666671875 0.6265 0.7876666671875 0.62 0.7676666671875 0.56475 0.765 0.56075 0.7636666671875 0.55425 0.762 0.55275 0.7583333328124999 0.5519999999999999 0.7416666671875001 0.55275 0.732 0.55425 0.7283333328125 0.55625 0.7276666671875 0.5582499999999999 0.7336666671875001 0.62675 0.735 0.63 0.748 0.645 0.774 0.6457499999999999
0 0.088 0.8470000000000001 0.0953333328125 0.8455 0.094 0.8402499999999999 0.0946666671875 0.829 0.0986666671875 0.81425 0.10366666718749999 0.8119999999999999 0.1146666671875 0.81125 0.1226666671875 0.80625 0.13033333281249998 0.766 0.13999999999999999 0.7245 0.1386666671875 0.72025 0.1286666671875 0.717 0.1256666671875 0.7095 0.123 0.708 0.1126666671875 0.70675 0.096 0.70775 0.092 0.71325 0.076 0.7205 0.062333332812499996 0.77925 0.0596666671875 0.8022500000000001 0.0526666671875 0.8385 0.0526666671875 0.8455 0.056333332812500005 0.8477499999999999 0.0723333328125 0.8480000000000001 0.088 0.8470000000000001