1 0.2673333328125 0.48 0.2703333328125 0.47824999999999995 0.2746666671875 0.45599999999999996 0.2743333328125 0.45225 0.2726666671875 0.45075000000000004 0.1863333328125 0.43925000000000003 0.1813333328125 0.44000000000000006 0.1783333328125 0.44725000000000004 0.172 0.47024999999999995 0.17433333281250002 0.4725 0.25633333281250004 0.4795 0.2673333328125 0.48
1 0.43933333281250003 0.48949999999999994 0.442 0.488 0.44333333281250004 0.48674999999999996 0.4443333328125 0.47074999999999995 0.4453333328125 0.41550000000000004 0.44400000000000006 0.4135 0.4363333328125 0.41200000000000003 0.3926666671875 0.40925 0.3806666671875 0.40975 0.379 0.41574999999999995 0.375 0.45475000000000004 0.37333333281250003 0.48224999999999996 0.3756666671875 0.48624999999999996 0.43166666718749996 0.48949999999999994 0.43933333281250003 0.48949999999999994
1 0.5483333328125 0.49749999999999994 0.58 0.49800000000000005 0.5780000000000001 0.48224999999999996 0.5723333328125 0.48025 0.5576666671875 0.47850000000000004 0.4743333328125 0.47225 0.47133333281249995 0.47450000000000003 0.46666666718750005 0.48674999999999996 0.46566666718749994 0.49024999999999996 0.4703333328125 0.492 0.5153333328125 0.49450000000000005 0.5483333328125 0.49749999999999994
1 0.5843333328125 0.499 0.5900000000000001 0.49974999999999997 0.6146666671875 0.4995 0.6423333328124999 0.50175 0.6593333328125001 0.50125 0.666 0.5035000000000001 0.6736666671875 0.5045 0.679 0.5042500000000001 0.6816666671875 0.50275 0.6806666671875 0.48600000000000004 0.6786666671875 0.477 0.6766666671875 0.47450000000000003 0.644 0.47125000000000006 0.6296666671875 0.47125000000000006 0.6126666671875001 0.46925 0.6016666671875 0.46675000000000005 0.5953333328125 0.46675000000000005 0.589 0.47000000000000003 0.579 0.48224999999999996 0.5813333328125 0.496 0.5820000000000001 0.49775 0.5843333328125 0.499
1 0.6813333328125 0.488 0.6816666671875 0.495 0.6836666671875 0.5015 0.6853333328125 0.503 0.692 0.505 0.7126666671875 0.507 0.8566666671875 0.51275 0.8653333328124999 0.51225 0.8686666671875001 0.50975 0.8686666671875001 0.50575 0.8636666671875 0.48650000000000004 0.8666666671875 0.47925000000000006 0.8663333328125 0.47424999999999995 0.8619999999999999 0.46624999999999994 0.858 0.46449999999999997 0.7006666671875 0.4575 0.696 0.45875000000000005 0.6906666671874999 0.46624999999999994 0.689 0.479 0.687 0.48250000000000004 0.6816666671875 0.48550000000000004 0.6813333328125 0.488
1 0.1223333328125 0.617 0.1296666671875 0.61925 0.1533333328125 0.621 0.16499999999999998 0.62 0.1756666671875 0.621 0.1846666671875 0.619 0.1926666671875 0.5865 0.1926666671875 0.572 0.1896666671875 0.55925 0.1623333328125 0.557 0.1526666671875 0.5575 0.147 0.5565 0.1346666671875 0.5565 0.13233333281249998 0.56075 0.1226666671875 0.5955 0.12166666718750001 0.607 0.118 0.615 0.1193333328125 0.617 0.1223333328125 0.617
1 0.43166666718749996 0.632 0.44299999999999995 0.63075 0.44566666718750003 0.6195 0.44566666718750003 0.61125 0.44400000000000006 0.60975 0.43966666718749997 0.609 0.396 0.608 0.3916666671875 0.6105 0.3863333328125 0.62325 0.386 0.62725 0.392 0.63025 0.42366666718749996 0.631 0.43166666718749996 0.632
1 0.49633333281249997 0.63025 0.49400000000000005 0.591 0.487 0.5894999999999999 0.47066666718750005 0.5894999999999999 0.46799999999999997 0.591 0.4653333328125 0.5955 0.4663333328125 0.6305 0.4733333328125 0.63225 0.4943333328125 0.6327499999999999 0.49633333281249997 0.63025
1 0.5123333328124999 0.63325 0.5643333328125 0.637 0.595 0.6355000000000001 0.6263333328125 0.637 0.6423333328124999 0.6367499999999999 0.6443333328125 0.63475 0.6383333328125 0.5915 0.635 0.589 0.6263333328125 0.589 0.623 0.58775 0.6153333328125 0.5872499999999999 0.5616666671874999 0.5862499999999999 0.521 0.584 0.5096666671875 0.5845 0.5066666671875 0.58775 0.5043333328124999 0.6265 0.5046666671875 0.63075 0.506 0.63175 0.5123333328124999 0.63325
1 0.7263333328125 0.63975 0.7333333328125 0.6385 0.728 0.60825 0.7243333328125 0.60375 0.7136666671875 0.603 0.6543333328125 0.60375 0.645 0.61375 0.6436666671875 0.61675 0.6443333328125 0.63175 0.6466666671875 0.6365000000000001 0.6679999999999999 0.6385 0.7263333328125 0.63975
1 0.765 0.79875 0.7723333328125 0.826 0.7769999999999999 0.8310000000000001 0.7826666671875 0.8332499999999999 0.7916666671875 0.8332499999999999 0.9443333328125 0.8300000000000001 0.9506666671874999 0.828 0.9516666671875 0.8262499999999999 0.9506666671874999 0.8220000000000001 0.9400000000000001 0.7917500000000001 0.9333333328125001 0.7665 0.9233333328125 0.739 0.9119999999999999 0.702 0.9093333328125001 0.6992499999999999 0.8923333328125 0.692 0.8869999999999999 0.6910000000000001 0.8766666671875001 0.693 0.8723333328124999 0.69575 0.8643333328124999 0.6985 0.8560000000000001 0.6995 0.7793333328125 0.6990000000000001 0.7536666671875001 0.709 0.7496666671875001 0.712 0.749 0.713 0.752 0.72 0.7653333328125 0.7929999999999999 0.765 0.79875
1 0.1246666671875 0.84275 0.2233333328125 0.842 0.2866666671875 0.8400000000000001 0.29 0.83775 0.29100000000000004 0.8102499999999999 0.2873333328125 0.807 0.2756666671875 0.8074999999999999 0.248 0.8065 0.2286666671875 0.8039999999999999 0.2256666671875 0.80475 0.2186666671875 0.80375 0.2173333328125 0.8025 0.2166666671875 0.79825 0.209 0.7985 0.2066666671875 0.80275 0.20033333281250001 0.80425 0.124 0.80275 0.119 0.8035 0.11033333281249999 0.8085000000000001 0.10800000000000001 0.8135 0.1076666671875 0.8195 0.1056666671875 0.8252499999999999 0.10533333281249999 0.8342499999999999 0.10833333281249999 0.8412499999999999 0.11033333281249999 0.842 0.1246666671875 0.84275
0 0.064 0.8422499999999999 0.0963333328125 0.8422499999999999 0.10266666718749999 0.8414999999999999 0.1076666671875 0.83775 0.1076666671875 0.8255000000000001 0.1136666671875 0.8119999999999999 0.1163333328125 0.8102499999999999 0.1203333328125 0.80175 0.1233333328125 0.79925 0.126 0.79 0.128 0.7707499999999999 0.13133333281249998 0.76275 0.141 0.721 0.1406666671875 0.71575 0.1276666671875 0.70925 0.1266666671875 0.705 0.123 0.7025 0.11399999999999999 0.702 0.0993333328125 0.7030000000000001 0.0953333328125 0.7045 0.094 0.70875 0.091 0.71 0.0876666671875 0.70975 0.0783333328125 0.71425 0.07666666718750001 0.71675 0.075 0.732 0.07033333281250001 0.744 0.0626666671875 0.77825 0.0606666671875 0.8082499999999999 0.056333332812500005 0.818 0.056333332812500005 0.8345 0.064 0.8422499999999999
0 0.3273333328125 0.48324999999999996 0.333 0.48475 0.3376666671875 0.48224999999999996 0.3383333328125 0.4585 0.3333333328125 0.42774999999999996 0.3223333328125 0.42525 0.3133333328125 0.42750000000000005 0.2983333328125 0.4665 0.29900000000000004 0.4715 0.29733333281249996 0.47874999999999995 0.2986666671875 0.48150000000000004 0.3273333328125 0.48324999999999996
0 0.3003333328125 0.625 0.307 0.623 0.31033333281250003 0.6165 0.312 0.6035 0.31 0.58775 0.30733333281249997 0.58075 0.3096666671875 0.5599999999999999 0.309 0.5565 0.3043333328125 0.549 0.3026666671875 0.5385 0.29733333281249996 0.5347500000000001 0.288 0.5337500000000001 0.2796666671875 0.53625 0.272 0.54975 0.2673333328125 0.5547500000000001 0.265 0.56025 0.2626666671875 0.57475 0.2526666671875 0.60575 0.2526666671875 0.61925 0.2553333328125 0.62325 0.2823333328125 0.625 0.3003333328125 0.625
0 0.4686666671875 0.8365 0.5096666671875 0.8365 0.513 0.83475 0.518 0.819 0.5183333328125 0.8019999999999999 0.508 0.7725 0.506 0.75975 0.4996666671875 0.7502500000000001 0.499 0.736 0.49533333281249997 0.7165 0.4943333328125 0.71475 0.4903333328125 0.71275 0.47400000000000003 0.71325 0.4703333328125 0.71675 0.461 0.7675 0.4526666671875 0.8035 0.4543333328125 0.82925 0.45599999999999996 0.83375 0.4583333328125 0.8355 0.4686666671875 0.8365
0 0.53 0.8147500000000001 0.53 0.834 0.533 0.83625 0.5606666671875 0.836 0.563 0.8342499999999999 0.5660000000000001 0.74525 0.5650000000000001 0.72975 0.5643333328125 0.7285 0.534 0.72875 0.5173333328124999 0.73 0.5163333328124999 0.732 0.516 0.738 0.5206666671875 0.75925 0.525 0.79325 0.53 0.8147500000000001
0 0.7076666671875 0.794 0.7156666671874999 0.83375 0.7193333328125 0.83475 0.767 0.834 0.7686666671875 0.8310000000000001 0.7686666671875 0.8252499999999999 0.751 0.7205 0.7476666671875 0.7165 0.739 0.71425 0.7366666671875 0.7125 0.736 0.709 0.7323333328125 0.7075 0.7153333328125 0.70775 0.7096666671875 0.70875 0.7070000000000001 0.7152499999999999 0.697 0.7205 0.697 0.73225 0.6993333328125 0.74825 0.7033333328125 0.7635 0.7076666671875 0.794
0 0.7393333328125 0.6255 0.7456666671875001 0.63225 0.7486666671875 0.6385 0.752 0.64025 0.787 0.6405000000000001 0.7886666671875 0.6385 0.7886666671875 0.6305 0.7916666671875 0.62325 0.792 0.618 0.7876666671875 0.6085 0.783 0.5915 0.767 0.5485 0.7623333328124999 0.5465 0.7476666671875 0.5467500000000001 0.7406666671875 0.548 0.7323333328125 0.55125 0.7336666671875001 0.58025 0.736 0.591 0.7376666671875001 0.6195 0.7393333328125 0.6255
0 0.817 0.64175 0.8343333328125 0.642 0.8373333328125 0.64125 0.8393333328124999 0.6385 0.829 0.6042500000000001 0.818 0.58575 0.8140000000000001 0.5845 0.8143333328125 0.5832499999999999 0.8126666671875 0.5855 0.8063333328125 0.58925 0.805 0.5934999999999999 0.8056666671875 0.60175 0.8046666671875 0.608 0.8126666671875 0.63975 0.817 0.64175
0 0.421 0.8380000000000001 0.43566666718749997 0.8375 0.44333333281250004 0.83625 0.445 0.8342499999999999 0.44566666718750003 0.8262499999999999 0.446 0.7595 0.44333333281250004 0.7577499999999999 0.40933333281250006 0.75575 0.3886666671875 0.75575 0.386 0.7595 0.3846666671875 0.776 0.38333333281250004 0.8145 0.38333333281250004 0.8355 0.3843333328125 0.83775 0.421 0.8380000000000001
0 0.3553333328125 0.837 0.3573333328125 0.8352499999999999 0.36 0.78925 0.3596666671875 0.76075 0.357 0.75525 0.354 0.7545 0.3503333328125 0.75175 0.3436666671875 0.751 0.3393333328125 0.7245 0.3496666671875 0.7222500000000001 0.3516666671875 0.72075 0.3496666671875 0.71975 0.337 0.7190000000000001 0.322 0.7205 0.3166666671875 0.751 0.303 0.75575 0.2983333328125 0.7595 0.2966666671875 0.76325 0.29133333281249996 0.8115 0.2906666671875 0.836 0.292 0.8380000000000001 0.351 0.8380000000000001 0.3553333328125 0.837