1 0.21675 0.23533333281250002 0.2145 0.2363333328125 0.242 0.2403333328125 0.2555 0.2436666671875 0.26 0.24333333281249997 0.274 0.248 0.30274999999999996 0.253 0.31425000000000003 0.25666666718750003 0.3305 0.2596666671875 0.3545 0.263 0.35724999999999996 0.263 0.35924999999999996 0.2606666671875 0.36025 0.1913333328125 0.36 0.1853333328125 0.358 0.1813333328125 0.26349999999999996 0.151 0.25175000000000003 0.154 0.22400000000000003 0.1656666671875 0.21949999999999997 0.16833333281250001 0.21775000000000003 0.17366666718749998 0.21800000000000003 0.2173333328125 0.21725 0.221 0.21800000000000003 0.2326666671875 0.21675 0.23533333281250002
1 0.4505 0.2783333328125 0.48 0.28300000000000003 0.49800000000000005 0.2836666671875 0.50175 0.28500000000000003 0.5075000000000001 0.284 0.50725 0.2746666671875 0.5085 0.2713333328125 0.508 0.257 0.50975 0.25 0.511 0.155 0.5125 0.12 0.5117499999999999 0.0993333328125 0.5065000000000001 0.0953333328125 0.46224999999999994 0.08 0.4545 0.08 0.45125000000000004 0.0786666671875 0.44275000000000003 0.08 0.4375 0.08399999999999999 0.43475 0.0886666671875 0.42975 0.0916666671875 0.42874999999999996 0.0953333328125 0.42824999999999996 0.1493333328125 0.42800000000000005 0.2636666671875 0.429 0.2713333328125 0.43150000000000005 0.2736666671875 0.4505 0.2783333328125
1 0.56825 0.29733333281249996 0.57475 0.29700000000000004 0.58075 0.29933333281249996 0.607 0.3036666671875 0.6132500000000001 0.3026666671875 0.616 0.2946666671875 0.6155 0.2693333328125 0.6132500000000001 0.266 0.6075 0.2636666671875 0.54625 0.24733333281249997 0.5395 0.2476666671875 0.51925 0.2536666671875 0.51325 0.25433333281250003 0.50925 0.2573333328125 0.5095 0.28700000000000003 0.51325 0.28900000000000003 0.5427500000000001 0.2923333328125 0.56825 0.29733333281249996
1 0.603 0.2626666671875 0.60725 0.2666666671875 0.61125 0.266 0.61375 0.268 0.61525 0.271 0.6155 0.27799999999999997 0.614 0.28300000000000003 0.6155 0.2943333328125 0.614 0.2986666671875 0.6165 0.3026666671875 0.6645 0.31033333281250003 0.6667500000000001 0.31033333281250003 0.66825 0.3086666671875 0.67275 0.25666666718750003 0.6717500000000001 0.24900000000000003 0.67 0.246 0.6527499999999999 0.2396666671875 0.64275 0.23866666718750001 0.62725 0.23199999999999998 0.585 0.23533333281250002 0.583 0.2363333328125 0.5822499999999999 0.2396666671875 0.5820000000000001 0.2556666671875 0.5832499999999999 0.2576666671875 0.5995 0.2626666671875 0.603 0.2626666671875
1 0.67425 0.253 0.67225 0.2593333328125 0.671 0.275 0.67125 0.2846666671875 0.66925 0.3016666671875 0.66925 0.3093333328125 0.67075 0.3113333328125 0.6775 0.3133333328125 0.6990000000000001 0.31466666718749997 0.7144999999999999 0.318 0.72475 0.318 0.732 0.3203333328125 0.7685 0.3243333328125 0.77925 0.325 0.782 0.322 0.78425 0.2863333328125 0.7875 0.2756666671875 0.79125 0.272 0.791 0.2526666671875 0.7877500000000001 0.24933333281249997 0.702 0.23033333281249999 0.69675 0.23033333281249999 0.67925 0.2346666671875 0.66475 0.2363333328125 0.6555 0.2396666671875 0.65825 0.242 0.66975 0.24533333281249997 0.67275 0.24900000000000003 0.67425 0.253
1 0.2375 0.5843333328125 0.29075 0.576 0.29225 0.5683333328125 0.292 0.5476666671875 0.29025 0.47066666718750005 0.2885 0.4373333328125 0.28725 0.43566666718749997 0.27999999999999997 0.43499999999999994 0.22625 0.43499999999999994 0.21525 0.43533333281250003 0.213 0.43833333281250003 0.2145 0.5506666671875 0.21525 0.5763333328125 0.2165 0.5820000000000001 0.2375 0.5843333328125
1 0.503 0.5446666671875 0.5065000000000001 0.5433333328125001 0.50875 0.5403333328125 0.51 0.5163333328124999 0.50975 0.5053333328125 0.50825 0.503 0.47575 0.4993333328125 0.44325000000000003 0.5023333328125 0.44125 0.5043333328124999 0.44075 0.5183333328125 0.44299999999999995 0.5413333328125 0.476 0.5493333328125 0.503 0.5446666671875
1 0.513 0.54 0.524 0.5403333328125 0.5389999999999999 0.5386666671875 0.54075 0.537 0.54225 0.5303333328125001 0.5415 0.509143 0.54225 0.4863333328125 0.54125 0.4823333328125 0.5417500000000001 0.4623333328125 0.5377500000000001 0.4596666671875 0.5245 0.45899999999999996 0.51325 0.4596666671875 0.50975 0.4636666671875 0.51025 0.5200666671875 0.5095 0.534 0.51025 0.5383333328125001 0.513 0.54
1 0.5345 0.4596666671875 0.53975 0.461 0.54125 0.4636666671875 0.541 0.483 0.542 0.48566666718749996 0.54225 0.4926666671875 0.5415 0.49766666718749997 0.54225 0.5023333328125 0.5415 0.5296666671875 0.5429999999999999 0.534 0.545 0.5346666671875 0.54725 0.5333333328125 0.57725 0.529 0.5835 0.5266666671875 0.61825 0.5213333328124999 0.6212500000000001 0.518 0.62275 0.43533333281250003 0.61825 0.434 0.53175 0.4386666671875 0.52975 0.43933333281250003 0.52825 0.446 0.5277499999999999 0.45933333281250005 0.5287499999999999 0.462 0.53125 0.45999999999999996 0.5345 0.4596666671875
1 0.6525000000000001 0.5213333328124999 0.67775 0.5176666671875 0.6809999999999999 0.5143333328125 0.68225 0.483 0.68225 0.4686666671875 0.6815 0.4663333328125 0.67125 0.462 0.6485000000000001 0.4606666671875 0.63475 0.4613333328125 0.625 0.46333333281250005 0.623 0.4653333328125 0.622 0.47066666718750005 0.62175 0.5176666671875 0.62275 0.5203333328124999 0.63775 0.522 0.6525000000000001 0.5213333328124999
1 0.666 0.6236666671875 0.6677500000000001 0.622 0.674 0.6233333328125 0.67825 0.6216666671875 0.68425 0.6236666671875 0.688 0.627 0.689 0.631 0.6912499999999999 0.634 0.69675 0.6383333328125 0.697 0.6603333328125001 0.69575 0.669 0.6955 0.6856666671875 0.693 0.7043333328125 0.6917500000000001 0.732 0.6917500000000001 0.7443333328125 0.6935 0.749 0.701 0.7516666671875 0.70475 0.7563333328125 0.70875 0.7556666671875 0.7645 0.729 0.766 0.7206666671875 0.76825 0.603 0.7697499999999999 0.5916666671875 0.76725 0.588 0.76025 0.583 0.755 0.581 0.7222500000000001 0.572 0.72025 0.5730000000000001 0.72 0.5786666671875 0.71825 0.5820000000000001 0.70925 0.585 0.6910000000000001 0.5883333328125 0.67675 0.5866666671874999 0.666 0.5940000000000001 0.665 0.5980000000000001 0.66475 0.6126666671875001 0.666 0.618 0.66725 0.619 0.666 0.6236666671875
1 0.59575 0.7826666671875 0.5962500000000001 0.7906666671875 0.59875 0.796 0.60725 0.8026666671875 0.61575 0.8029999999999999 0.64675 0.7936666671875 0.66575 0.786 0.6675 0.7833333328125 0.6685 0.7783333328125 0.671 0.724 0.6677500000000001 0.7203333328125 0.65775 0.7143333328125 0.65025 0.7133333328125 0.6012500000000001 0.7256666671875001 0.5985 0.7286666671875001 0.597 0.7443333328125 0.5974999999999999 0.7513333328125 0.59675 0.7563333328125 0.59775 0.761 0.59575 0.7826666671875
1 0.481 0.8596666671875001 0.49024999999999996 0.8683333328125 0.49400000000000005 0.8699999999999999 0.49775 0.8696666671875001 0.5285 0.8533333328125 0.53 0.85 0.5309999999999999 0.8416666671874999 0.53025 0.8333333328125001 0.53175 0.819 0.533 0.7713333328124999 0.53225 0.767 0.53325 0.7643333328125 0.533 0.7553333328125 0.53 0.7493333328125 0.5255 0.7453333328125 0.52025 0.7433333328125 0.48624999999999996 0.7506666671875 0.4845 0.752 0.48224999999999996 0.7583333328124999 0.48025 0.7736666671875 0.48 0.8096666671875001 0.47874999999999995 0.8183333328125 0.47975 0.8573333328125001 0.481 0.8596666671875001
1 0.32625000000000004 0.986 0.33975 0.9693333328125 0.341 0.9663333328125001 0.38849999999999996 0.9033333328125 0.39225 0.8933333328125 0.41224999999999995 0.8656666671875 0.414 0.8613333328125 0.41425 0.8336666671874999 0.41550000000000004 0.825 0.41550000000000004 0.8220000000000001 0.414 0.8183333328125 0.4 0.8156666671874999 0.39575 0.8186666671875 0.353 0.8703333328125 0.34900000000000003 0.8736666671875 0.3065 0.9273333328125 0.30625 0.984 0.30975 0.983 0.31775000000000003 0.9856666671875001 0.32625000000000004 0.986
0 0.23900000000000002 0.9036666671875 0.2385 0.9179999999999999 0.2405 0.9786666671875001 0.2415 0.982 0.24425 0.9856666671875001 0.25375000000000003 0.9923333328125 0.26225 0.994 0.27425 0.9916666671875 0.28725 0.9846666671875001 0.29225 0.9793333328125 0.29525 0.9743333328125001 0.29700000000000004 0.9663333328125001 0.30125 0.8533333328125 0.30074999999999996 0.8393333328124999 0.3025 0.7683333328125 0.296 0.7596666671875 0.28825 0.7573333328125 0.28725 0.7553333328125 0.28700000000000003 0.7503333328124999 0.2855 0.7476666671875 0.27725 0.744 0.27149999999999996 0.744 0.26 0.7473333328125 0.2555 0.7506666671875 0.252 0.7553333328125 0.25075 0.7616666671875 0.24300000000000002 0.767 0.236 0.778 0.23625 0.829 0.238 0.8723333328124999 0.23775 0.8880000000000001 0.23900000000000002 0.9036666671875
0 0.43174999999999997 0.8956666671875 0.446 0.8953333328124999 0.45975 0.889 0.47074999999999995 0.8800000000000001 0.472 0.8766666671875001 0.47375 0.8616666671875001 0.47675 0.8263333328125 0.4765 0.775 0.47450000000000003 0.7693333328125 0.46399999999999997 0.763 0.462 0.7606666671875 0.46075 0.7476666671875 0.4545 0.7356666671875 0.45775 0.728 0.46749999999999997 0.7263333328125 0.47050000000000003 0.7230000000000001 0.47050000000000003 0.7196666671874999 0.46699999999999997 0.718 0.4545 0.718 0.44325000000000003 0.7206666671875 0.44175000000000003 0.7236666671875 0.44175000000000003 0.7283333328125 0.4455 0.7353333328125 0.445 0.74 0.44325000000000003 0.7423333328124999 0.4415 0.748 0.4405 0.759 0.43775000000000003 0.7636666671875 0.4345 0.766 0.42774999999999996 0.7743333328124999 0.42525 0.7793333328125 0.42424999999999996 0.818 0.42275 0.8246666671874999 0.4225 0.8423333328125 0.425 0.8883333328124999 0.42774999999999996 0.893 0.43174999999999997 0.8956666671875
0 0.5305 0.8390000000000001 0.533 0.8423333328125 0.553 0.8416666671874999 0.55675 0.8396666671874999 0.56075 0.834 0.5660000000000001 0.8073333328125001 0.56775 0.7913333328125 0.56425 0.7656666671875 0.563 0.751 0.5635 0.7473333328125 0.5615 0.732 0.561 0.6813333328125 0.56025 0.678 0.55575 0.6736666671875 0.54475 0.6726666671875 0.54075 0.6746666671875 0.5387500000000001 0.6773333328125 0.53825 0.6873333328125 0.5349999999999999 0.7093333328125 0.53525 0.7263333328125 0.5305 0.7466666671875 0.53325 0.756 0.5309999999999999 0.7889999999999999 0.53175 0.8006666671874999 0.5305 0.8390000000000001
0 0.56775 0.7941666671875 0.56575 0.8103333328125 0.5660000000000001 0.8160000000000001 0.567 0.818 0.57225 0.82 0.58375 0.819 0.5860000000000001 0.8166666671874999 0.5875 0.8109999999999999 0.5915 0.7696666671875 0.5940000000000001 0.7256666671875001 0.5934999999999999 0.7123333328125 0.59675 0.6773333328125 0.595 0.675 0.564 0.6809999999999999 0.5627500000000001 0.6816666671875 0.56175 0.6846666671875 0.5625 0.7136666671875 0.5615 0.7296666671875001 0.564 0.7633333328125 0.56775 0.7941666671875
0 0.34325 0.5336666671875 0.34700000000000003 0.5486666671875 0.34900000000000003 0.5543333328125 0.35350000000000004 0.5599999999999999 0.358 0.5623333328125 0.381 0.563 0.39125 0.5596666671875 0.39275000000000004 0.5573333328125 0.3955 0.5563333328125 0.396 0.5523333328125 0.39875 0.5483333328125 0.40025000000000005 0.5436666671875 0.403 0.529 0.40275 0.502 0.40125 0.485 0.39825 0.4676666671875 0.3955 0.41600000000000004 0.39249999999999996 0.40366666718750005 0.38625 0.3933333328125 0.3845 0.373 0.3835 0.3693333328125 0.3805 0.36466666718749996 0.374 0.362 0.36825 0.3616666671875 0.36 0.3636666671875 0.35550000000000004 0.368 0.35325 0.3763333328125 0.35275 0.397 0.34975 0.40033333281249994 0.34725 0.4073333328125 0.34550000000000003 0.4193333328125 0.34750000000000003 0.4556666671875 0.344 0.4843333328125 0.34249999999999997 0.5213333328124999 0.34325 0.5336666671875
0 0.68175 0.5093333328125 0.6825 0.513 0.686 0.5146666671875 0.7015 0.512 0.7032499999999999 0.509 0.7072499999999999 0.491 0.71175 0.48166666718749995 0.713 0.471 0.71075 0.4436666671875 0.70875 0.3716666671875 0.706 0.37066666718749997 0.6849999999999999 0.37033333281249997 0.6815 0.3723333328125 0.6755 0.45066666718750004 0.6755 0.46299999999999997 0.68075 0.4663333328125 0.683 0.4743333328125 0.68175 0.5093333328125
0 0.7344999999999999 0.49800000000000005 0.73375 0.493 0.7344999999999999 0.4516666671875 0.7335 0.44800000000000006 0.733 0.4363333328125 0.732 0.43433333281250003 0.72575 0.433 0.72 0.43533333281250003 0.71975 0.4446666671875 0.71675 0.45899999999999996 0.7162499999999999 0.505 0.71975 0.5076666671875001 0.7315 0.5066666671875 0.7344999999999999 0.49800000000000005
0 0.3875 0.268 0.41475 0.272 0.41875 0.2713333328125 0.42074999999999996 0.26433333281250004 0.42225 0.229 0.41925 0.196 0.41825 0.16599999999999998 0.4175 0.158 0.41475 0.1476666671875 0.4145 0.126 0.4135 0.1226666671875 0.40800000000000003 0.1196666671875 0.40125 0.1183333328125 0.39175 0.119 0.38775 0.1223333328125 0.38675000000000004 0.1426666671875 0.383 0.154 0.37975 0.189 0.377 0.22433333281249998 0.37925 0.264 0.38075000000000003 0.2656666671875 0.3875 0.268
0 0.66725 0.7193333328125 0.671 0.725 0.66925 0.7723333328125 0.66975 0.7786666671875 0.6855 0.7756666671875 0.6885 0.7713333328124999 0.6915 0.7426666671875 0.6980000000000001 0.642 0.69575 0.636 0.6900000000000001 0.632 0.68625 0.6243333328125 0.6825 0.622 0.6765 0.6206666671875001 0.6677500000000001 0.623 0.6645 0.6296666671875 0.6615 0.6306666671875 0.6585 0.634 0.6565000000000001 0.6433333328125 0.657 0.6526666671875 0.65525 0.7126666671875 0.66175 0.7173333328125 0.66725 0.7193333328125